step,time,omega,kinetic,potential,entropy,gradient_norm,max_density,min_density,is_stable,gradient_energy,entropy_interaction,max_avalanche,avalanche_count,mean_size,power_law_exponent
0,1.0,0.8762500000000002,0.0,0.0012500000000000002,0.0,0.0,1.0,0.0,True,0.8750000000000002,0.0,0,0,0.0,0.0
1,2.0,1.3775000000000002,0.0,0.0025000000000000005,0.0,0.0,1.0,0.0,True,1.3750000000000002,0.0,0,0,0.0,0.0
2,3.0,1.8787500000000004,0.0,0.0037500000000000007,0.0,0.0,1.0,0.0,True,1.8750000000000004,0.0,0,0,0.0,0.0
3,4.0,3.130000000000001,0.0,0.005000000000000001,0.0,0.0,1.0,0.0,True,3.1250000000000004,0.0,0,0,0.0,0.0
4,5.0,4.0062500000000005,0.0,0.006250000000000001,0.0,0.0,1.0,0.0,True,4.000000000000001,0.0,0,0,0.0,0.0
5,6.0,4.507500000000001,0.0,0.0075000000000000015,0.0,0.0,1.0,0.0,True,4.500000000000001,0.0,0,0,0.0,0.0
6,7.0,5.008750000000001,0.0,0.00875,0.0,0.0,1.0,0.0,True,5.000000000000001,0.0,0,0,0.0,0.0
7,8.0,5.510000000000001,0.0,0.010000000000000002,0.0,0.0,1.0,0.0,True,5.500000000000001,0.0,0,0,0.0,0.0
8,9.0,6.386250000000001,0.0,0.011250000000000003,0.0,0.0,1.0,0.0,True,6.375000000000001,0.0,0,0,0.0,0.0
9,10.0,6.887500000000001,0.0,0.012500000000000002,0.0,0.0,1.0,0.0,True,6.875000000000002,0.0,0,0,0.0,0.0
10,11.0,7.388750000000002,0.0,0.013750000000000002,0.0,0.0,1.0,0.0,True,7.375000000000002,0.0,0,0,0.0,0.0
11,12.0,8.640000000000002,0.0,0.015000000000000003,0.0,0.0,1.0,0.0,True,8.625000000000002,0.0,0,0,0.0,0.0
12,13.0,9.141250000000001,0.0,0.016250000000000004,0.0,0.0,1.0,0.0,True,9.125000000000002,0.0,0,0,0.0,0.0
13,14.0,10.017500000000002,0.0,0.0175,0.0,0.0,1.0,0.0,True,10.000000000000002,0.0,0,0,0.0,0.0
14,15.0,10.643750000000002,0.0,0.018750000000000003,0.0,0.0,1.0,0.0,True,10.625000000000002,0.0,0,0,0.0,0.0
15,16.0,11.520000000000003,0.0,0.020000000000000004,0.0,0.0,1.0,0.0,True,11.500000000000002,0.0,0,0,0.0,0.0
16,17.0,11.771250000000002,0.0,0.021250000000000005,0.0,0.0,1.0,0.0,True,11.750000000000002,0.0,0,0,0.0,0.0
17,18.0,12.647500000000003,0.0,0.022500000000000006,0.0,0.0,1.0,0.0,True,12.625000000000002,0.0,0,0,0.0,0.0
18,19.0,13.148750000000003,0.0,0.023750000000000004,0.0,0.0,1.0,0.0,True,13.125000000000002,0.0,0,0,0.0,0.0
19,20.0,13.650000000000002,0.0,0.025000000000000005,0.0,0.0,1.0,0.0,True,13.625000000000002,0.0,0,0,0.0,0.0
20,21.0,14.151250000000003,0.0,0.026250000000000006,0.0,0.0,1.0,0.0,True,14.125000000000004,0.0,0,0,0.0,0.0
21,22.0,15.027500000000003,0.0,0.027500000000000004,0.0,0.0,1.0,0.0,True,15.000000000000004,0.0,0,0,0.0,0.0
22,23.0,15.528750000000002,0.0,0.028750000000000005,0.0,0.0,1.0,0.0,True,15.500000000000004,0.0,0,0,0.0,0.0
23,24.0,17.032500000000002,0.0,0.03250000000000001,0.0,0.0,2.0,0.0,True,17.000000000000004,0.0,0,0,0.0,0.0
24,25.0,17.533750000000005,0.0,0.03375000000000001,0.0,0.0,2.0,0.0,True,17.500000000000004,0.0,0,0,0.0,0.0
25,26.0,18.035000000000004,0.0,0.035,0.0,0.0,2.0,0.0,True,18.000000000000004,0.0,0,0,0.0,0.0
26,27.0,18.661250000000003,0.0,0.036250000000000004,0.0,0.0,2.0,0.0,True,18.625000000000004,0.0,0,0,0.0,0.0
27,28.0,19.537500000000005,0.0,0.037500000000000006,0.0,0.0,2.0,0.0,True,19.500000000000004,0.0,0,0,0.0,0.0
28,29.0,22.166250000000005,0.0,0.04125000000000001,0.0,0.0,2.0,0.0,True,22.125000000000004,0.0,0,0,0.0,0.0
29,30.0,22.667500000000004,0.0,0.04250000000000001,0.0,0.0,2.0,0.0,True,22.625000000000004,0.0,0,0,0.0,0.0
30,31.0,22.668750000000003,0.0,0.04375000000000001,0.0,0.0,2.0,0.0,True,22.625000000000004,0.0,0,0,0.0,0.0
31,32.0,23.170000000000005,0.0,0.04500000000000001,0.0,0.0,2.0,0.0,True,23.125000000000004,0.0,0,0,0.0,0.0
32,33.0,26.923750000000005,0.0,0.04875000000000001,0.0,0.0,2.0,0.0,True,26.875000000000004,0.0,0,0,0.0,0.0
33,34.0,27.800000000000004,0.0,0.05000000000000001,0.0,0.0,2.0,0.0,True,27.750000000000007,0.0,0,0,0.0,0.0
34,35.0,29.303750000000004,0.0,0.05375000000000001,0.0,0.0,2.0,0.0,True,29.250000000000007,0.0,0,0,0.0,0.0
35,36.0,30.180000000000007,0.0,0.05500000000000001,0.0,0.0,2.0,0.0,True,30.125000000000007,0.0,0,0,0.0,0.0
36,37.0,30.681250000000006,0.0,0.05625000000000001,0.0,0.0,2.0,0.0,True,30.625000000000007,0.0,0,0,0.0,0.0
37,38.0,31.682500000000005,0.0,0.05750000000000001,0.0,0.0,2.0,0.0,True,31.625000000000007,0.0,0,0,0.0,0.0
38,39.0,32.05875,0.0,0.05875000000000001,0.0,0.0,2.0,0.0,True,32.00000000000001,0.0,0,0,0.0,0.0
39,40.0,32.56000000000001,0.0,0.06000000000000001,0.0,0.0,2.0,0.0,True,32.50000000000001,0.0,0,0,0.0,0.0
40,41.0,33.18625000000001,0.0,0.06125000000000001,0.0,0.0,2.0,0.0,True,33.12500000000001,0.0,0,0,0.0,0.0
41,42.0,33.68750000000001,0.0,0.06250000000000001,0.0,0.0,2.0,0.0,True,33.62500000000001,0.0,0,0,0.0,0.0
42,43.0,34.188750000000006,0.0,0.06375000000000001,0.0,0.0,2.0,0.0,True,34.12500000000001,0.0,0,0,0.0,0.0
43,44.0,34.690000000000005,0.0,0.06500000000000002,0.0,0.0,2.0,0.0,True,34.62500000000001,0.0,0,0,0.0,0.0
44,45.0,36.19375000000001,0.0,0.06875000000000002,0.0,0.0,2.0,0.0,True,36.12500000000001,0.0,0,0,0.0,0.0
45,46.0,36.69500000000001,0.0,0.07,0.0,0.0,2.0,0.0,True,36.62500000000001,0.0,0,0,0.0,0.0
46,47.0,38.198750000000004,0.0,0.07375000000000001,0.0,0.0,2.0,0.0,True,38.12500000000001,0.0,0,0,0.0,0.0
47,48.0,38.45000000000001,0.0,0.07500000000000001,0.0,0.0,2.0,0.0,True,38.37500000000001,0.0,0,0,0.0,0.0
48,49.0,38.95125000000001,0.0,0.07625000000000001,0.0,0.0,2.0,0.0,True,38.87500000000001,0.0,0,0,0.0,0.0
49,50.0,38.70250000000001,0.0,0.07750000000000001,0.0,0.0,2.0,0.0,True,38.62500000000001,0.0,0,0,0.0,0.0
50,51.0,39.57875000000001,0.0,0.07875000000000001,0.0,0.0,2.0,0.0,True,39.50000000000001,0.0,0,0,0.0,0.0
51,52.0,39.830000000000005,0.0,0.08000000000000002,0.0,0.0,2.0,0.0,True,39.75000000000001,0.0,0,0,0.0,0.0
52,53.0,40.70625000000001,0.0,0.08125000000000002,0.0,0.0,2.0,0.0,True,40.62500000000001,0.0,0,0,0.0,0.0
53,54.0,41.58250000000001,0.0,0.08250000000000002,0.0,0.0,2.0,0.0,True,41.50000000000001,0.0,0,0,0.0,0.0
54,55.0,42.45875000000001,0.0,0.08375000000000002,0.0,0.0,2.0,0.0,True,42.37500000000001,0.0,0,0,0.0,0.0
55,56.0,42.71000000000001,0.0,0.08500000000000002,0.0,0.0,2.0,0.0,True,42.62500000000001,0.0,0,0,0.0,0.0
56,57.0,43.21125000000001,0.0,0.08625000000000002,0.0,0.0,2.0,0.0,True,43.12500000000001,0.0,0,0,0.0,0.0
57,58.0,44.087500000000006,0.0,0.08750000000000002,0.0,0.0,2.0,0.0,True,44.00000000000001,0.0,0,0,0.0,0.0
58,59.0,44.33875000000001,0.0,0.08875000000000002,0.0,0.0,2.0,0.0,True,44.25000000000001,0.0,0,0,0.0,0.0
59,60.0,44.59000000000001,0.0,0.09000000000000002,0.0,0.0,2.0,0.0,True,44.50000000000001,0.0,0,0,0.0,0.0
60,61.0,45.09125000000001,0.0,0.09125000000000001,0.0,0.0,2.0,0.0,True,45.00000000000001,0.0,0,0,0.0,0.0
61,62.0,46.595000000000006,0.0,0.09500000000000001,0.0,0.0,2.0,0.0,True,46.50000000000001,0.0,0,0,0.0,0.0
62,63.0,45.97125000000001,0.0,0.09625000000000002,0.0,0.0,2.0,0.0,True,45.87500000000001,0.0,0,0,0.0,0.0
63,64.0,46.59750000000001,0.0,0.09750000000000002,0.0,0.0,2.0,0.0,True,46.50000000000001,0.0,0,0,0.0,0.0
64,65.0,46.09875000000001,0.0,0.09875000000000002,0.0,0.0,2.0,0.0,True,46.00000000000001,0.0,0,0,0.0,0.0
65,66.0,46.60000000000001,0.0,0.10000000000000002,0.0,0.0,2.0,0.0,True,46.50000000000001,0.0,0,0,0.0,0.0
66,67.0,47.85375000000001,0.0,0.10375000000000002,0.0,0.0,2.0,0.0,True,47.75000000000001,0.0,0,0,0.0,0.0
67,68.0,48.35500000000001,0.0,0.10500000000000002,0.0,0.0,2.0,0.0,True,48.25000000000001,0.0,0,0,0.0,0.0
68,69.0,49.85875000000001,0.0,0.10875000000000003,0.0,0.0,2.0,0.0,True,49.75000000000001,0.0,0,0,0.0,0.0
69,70.0,52.23750000000001,0.0,0.11250000000000002,0.0,0.0,2.0,0.0,True,52.12500000000001,0.0,0,0,0.0,0.0
70,71.0,51.86375000000001,0.0,0.11375000000000002,0.0,0.0,2.0,0.0,True,51.75000000000001,0.0,0,0,0.0,0.0
71,72.0,52.11500000000001,0.0,0.11500000000000002,0.0,0.0,2.0,0.0,True,52.00000000000001,0.0,0,0,0.0,0.0
72,73.0,52.36625000000001,0.0,0.11625000000000002,0.0,0.0,2.0,0.0,True,52.25000000000001,0.0,0,0,0.0,0.0
73,74.0,53.87000000000001,0.0,0.12000000000000002,0.0,0.0,2.0,0.0,True,53.75000000000001,0.0,0,0,0.0,0.0
74,75.0,54.37125000000001,0.0,0.12125000000000002,0.0,0.0,2.0,0.0,True,54.25000000000001,0.0,0,0,0.0,0.0
75,76.0,54.87250000000001,0.0,0.12250000000000003,0.0,0.0,2.0,0.0,True,54.75000000000001,0.0,0,0,0.0,0.0
76,77.0,55.49875000000001,0.0,0.12375000000000003,0.0,0.0,2.0,0.0,True,55.375000000000014,0.0,0,0,0.0,0.0
77,78.0,57.00250000000001,0.0,0.12750000000000003,0.0,0.0,2.0,0.0,True,56.875000000000014,0.0,0,0,0.0,0.0
78,79.0,57.00375000000001,0.0,0.12875000000000003,0.0,0.0,2.0,0.0,True,56.875000000000014,0.0,0,0,0.0,0.0
79,80.0,58.507500000000014,0.0,0.13250000000000003,0.0,0.0,2.0,0.0,True,58.375000000000014,0.0,0,0,0.0,0.0
80,81.0,61.01375000000001,0.0,0.13875000000000004,0.0,0.0,3.0,0.0,True,60.875000000000014,0.0,0,0,0.0,0.0
81,82.0,61.890000000000015,0.0,0.14,0.0,0.0,3.0,0.0,True,61.750000000000014,0.0,0,0,0.0,0.0
82,83.0,62.141250000000014,0.0,0.14125000000000001,0.0,0.0,3.0,0.0,True,62.000000000000014,0.0,0,0,0.0,0.0
83,84.0,62.64250000000001,0.0,0.14250000000000002,0.0,0.0,3.0,0.0,True,62.500000000000014,0.0,0,0,0.0,0.0
84,85.0,62.89375000000001,0.0,0.14375000000000002,0.0,0.0,3.0,0.0,True,62.750000000000014,0.0,0,0,0.0,0.0
85,86.0,62.52000000000001,0.0,0.14500000000000002,0.0,0.0,3.0,0.0,True,62.375000000000014,0.0,0,0,0.0,0.0
86,87.0,62.89625000000001,0.0,0.14625000000000002,0.0,0.0,3.0,0.0,True,62.750000000000014,0.0,0,0,0.0,0.0
87,88.0,63.397500000000015,0.0,0.14750000000000002,0.0,0.0,3.0,0.0,True,63.250000000000014,0.0,0,0,0.0,0.0
88,89.0,64.90125000000002,0.0,0.15125000000000002,0.0,0.0,3.0,0.0,True,64.75000000000001,0.0,0,0,0.0,0.0
89,90.0,65.40250000000002,0.0,0.15250000000000002,0.0,0.0,3.0,0.0,True,65.25000000000001,0.0,0,0,0.0,0.0
90,91.0,65.65375000000002,0.0,0.15375000000000003,0.0,0.0,3.0,0.0,True,65.50000000000001,0.0,0,0,0.0,0.0
91,92.0,68.03250000000001,0.0,0.15750000000000003,0.0,0.0,3.0,0.0,True,67.87500000000001,0.0,0,0,0.0,0.0
92,93.0,70.41125000000001,0.0,0.16125000000000003,0.0,0.0,3.0,0.0,True,70.25000000000001,0.0,0,0,0.0,0.0
93,94.0,70.16250000000001,0.0,0.16250000000000003,0.0,0.0,3.0,0.0,True,70.00000000000001,0.0,0,0,0.0,0.0
94,95.0,70.66375000000001,0.0,0.16375000000000003,0.0,0.0,3.0,0.0,True,70.50000000000001,0.0,0,0,0.0,0.0
95,96.0,70.66500000000002,0.0,0.16500000000000004,0.0,0.0,3.0,0.0,True,70.50000000000001,0.0,0,0,0.0,0.0
96,97.0,70.91625000000002,0.0,0.16625000000000004,0.0,0.0,3.0,0.0,True,70.75000000000001,0.0,0,0,0.0,0.0
97,98.0,71.16750000000002,0.0,0.16750000000000004,0.0,0.0,3.0,0.0,True,71.00000000000001,0.0,0,0,0.0,0.0
98,99.0,72.67125000000001,0.0,0.17125000000000004,0.0,0.0,3.0,0.0,True,72.50000000000001,0.0,0,0,0.0,0.0
99,100.0,72.17250000000001,0.0,0.17250000000000004,0.0,0.0,3.0,0.0,True,72.00000000000001,0.0,0,0,0.0,0.0
100,101.0,72.79875000000001,0.0,0.17375000000000004,0.0,0.0,3.0,0.0,True,72.62500000000001,0.0,0,0,0.0,0.0
101,102.0,72.80000000000001,0.0,0.17500000000000004,0.0,0.0,3.0,0.0,True,72.62500000000001,0.0,0,0,0.0,0.0
102,103.0,73.30125000000001,0.0,0.17625000000000005,0.0,0.0,3.0,0.0,True,73.12500000000001,0.0,0,0,0.0,0.0
103,104.0,73.05250000000001,0.0,0.17750000000000005,0.0,0.0,3.0,0.0,True,72.87500000000001,0.0,0,0,0.0,0.0
104,105.0,74.43125000000002,0.0,0.18125000000000002,0.0,0.0,3.0,0.0,True,74.25000000000001,0.0,0,0,0.0,0.0
105,106.0,74.93250000000002,0.0,0.18250000000000002,0.0,0.0,3.0,0.0,True,74.75000000000001,0.0,0,0,0.0,0.0
106,107.0,75.43375000000002,0.0,0.18375000000000002,0.0,0.0,3.0,0.0,True,75.25000000000001,0.0,0,0,0.0,0.0
107,108.0,75.68500000000002,0.0,0.18500000000000003,0.0,0.0,3.0,0.0,True,75.50000000000001,0.0,0,0,0.0,0.0
108,109.0,75.68625000000002,0.0,0.18625000000000003,0.0,0.0,3.0,0.0,True,75.50000000000001,0.0,0,0,0.0,0.0
109,110.0,76.56250000000001,0.0,0.18750000000000003,0.0,0.0,3.0,0.0,True,76.37500000000001,0.0,0,0,0.0,0.0
110,111.0,76.81375000000001,0.0,0.18875000000000003,0.0,0.0,3.0,0.0,True,76.62500000000001,0.0,0,0,0.0,0.0
111,112.0,77.69000000000001,0.0,0.19000000000000003,0.0,0.0,3.0,0.0,True,77.50000000000001,0.0,0,0,0.0,0.0
112,113.0,78.19125000000001,0.0,0.19125000000000003,0.0,0.0,3.0,0.0,True,78.00000000000001,0.0,0,0,0.0,0.0
113,114.0,77.56750000000001,0.0,0.19250000000000003,0.0,0.0,3.0,0.0,True,77.37500000000001,0.0,0,0,0.0,0.0
114,115.0,79.57375000000002,0.0,0.19875000000000004,0.0,0.0,3.0,0.0,True,79.37500000000001,0.0,0,0,0.0,0.0
115,116.0,79.82500000000002,0.0,0.20000000000000004,0.0,0.0,3.0,0.0,True,79.62500000000001,0.0,0,0,0.0,0.0
116,117.0,81.07875000000001,0.0,0.20375000000000004,0.0,0.0,3.0,0.0,True,80.87500000000001,0.0,0,0,0.0,0.0
117,118.0,81.33000000000001,0.0,0.20500000000000004,0.0,0.0,3.0,0.0,True,81.12500000000001,0.0,0,0,0.0,0.0
118,119.0,82.08375000000001,0.0,0.20875000000000005,0.0,0.0,3.0,0.0,True,81.87500000000001,0.0,0,0,0.0,0.0
119,120.0,84.71250000000002,0.0,0.21250000000000005,0.0,0.0,3.0,0.0,True,84.50000000000001,0.0,0,0,0.0,0.0
120,121.0,87.09125000000002,0.0,0.21625000000000005,0.0,0.0,3.0,0.0,True,86.87500000000001,0.0,0,0,0.0,0.0
121,122.0,87.96750000000002,0.0,0.21750000000000005,0.0,0.0,3.0,0.0,True,87.75000000000001,0.0,0,0,0.0,0.0
122,123.0,87.96875000000001,0.0,0.21875000000000006,0.0,0.0,3.0,0.0,True,87.75000000000001,0.0,0,0,0.0,0.0
123,124.0,88.22000000000001,0.0,0.22000000000000003,0.0,0.0,3.0,0.0,True,88.00000000000001,0.0,0,0,0.0,0.0
124,125.0,88.22125000000001,0.0,0.22125000000000003,0.0,0.0,3.0,0.0,True,88.00000000000001,0.0,0,0,0.0,0.0
125,126.0,88.22250000000001,0.0,0.22250000000000003,0.0,0.0,3.0,0.0,True,88.00000000000001,0.0,0,0,0.0,0.0
126,127.0,89.09875000000002,0.0,0.22375000000000003,0.0,0.0,3.0,0.0,True,88.87500000000001,0.0,0,0,0.0,0.0
127,128.0,89.97500000000002,0.0,0.22500000000000003,0.0,0.0,3.0,0.0,True,89.75000000000001,0.0,0,0,0.0,0.0
128,129.0,89.72625000000002,0.0,0.22625000000000003,0.0,0.0,3.0,0.0,True,89.50000000000001,0.0,0,0,0.0,0.0
129,130.0,90.22750000000002,0.0,0.22750000000000004,0.0,0.0,3.0,0.0,True,90.00000000000001,0.0,0,0,0.0,0.0
130,131.0,91.73125000000002,0.0,0.23125000000000004,0.0,0.0,3.0,0.0,True,91.50000000000001,0.0,0,0,0.0,0.0
131,132.0,92.23250000000002,0.0,0.23250000000000004,0.0,0.0,3.0,0.0,True,92.00000000000001,0.0,0,0,0.0,0.0
132,133.0,95.48625000000001,0.0,0.23625000000000004,0.0,0.0,3.0,0.0,True,95.25000000000001,0.0,0,0,0.0,0.0
133,134.0,96.99000000000002,0.0,0.24000000000000005,0.0,0.0,3.0,0.0,True,96.75000000000001,0.0,0,0,0.0,0.0
134,135.0,97.24125000000002,0.0,0.24125000000000005,0.0,0.0,3.0,0.0,True,97.00000000000001,0.0,0,0,0.0,0.0
135,136.0,97.99500000000002,0.0,0.24500000000000005,0.0,0.0,3.0,0.0,True,97.75000000000001,0.0,0,0,0.0,0.0
136,137.0,98.74875000000002,0.0,0.24875000000000005,0.0,0.0,3.0,0.0,True,98.50000000000001,0.0,0,0,0.0,0.0
137,138.0,99.62500000000001,0.0,0.25000000000000006,0.0,0.0,3.0,0.0,True,99.37500000000001,0.0,0,0,0.0,0.0
138,139.0,102.75625000000002,0.0,0.25625000000000003,0.0,0.0,3.0,0.0,True,102.50000000000001,0.0,0,0,0.0,0.0
139,140.0,104.76250000000002,0.0,0.26250000000000007,0.0,0.0,3.0,0.0,True,104.50000000000001,0.0,0,0,0.0,0.0
140,141.0,105.76625000000001,0.0,0.26625000000000004,0.0,0.0,3.0,0.0,True,105.50000000000001,0.0,0,0,0.0,0.0
141,142.0,105.39250000000003,0.0,0.26750000000000007,0.0,0.0,3.0,0.0,True,105.12500000000001,0.0,0,0,0.0,0.0
142,143.0,111.39875000000002,0.0,0.27375000000000005,0.0,0.0,3.0,0.0,True,111.12500000000003,0.0,0,0,0.0,0.0
143,144.0,113.77750000000002,0.0,0.2775000000000001,0.0,0.0,3.0,0.0,True,113.50000000000003,0.0,0,0,0.0,0.0
144,145.0,114.15375000000002,0.0,0.27875000000000005,0.0,0.0,3.0,0.0,True,113.87500000000003,0.0,0,0,0.0,0.0
145,146.0,115.40750000000003,0.0,0.28250000000000003,0.0,0.0,3.0,0.0,True,115.12500000000003,0.0,0,0,0.0,0.0
146,147.0,114.15500000000002,0.0,0.28,0.0,0.0,3.0,0.0,True,113.87500000000003,0.0,1,1,1.0,0.0
147,148.0,114.90875000000003,0.0,0.28375000000000006,0.0,0.0,3.0,0.0,True,114.62500000000003,0.0,1,1,1.0,0.0
148,149.0,114.91000000000003,0.0,0.28500000000000003,0.0,0.0,3.0,0.0,True,114.62500000000003,0.0,1,1,1.0,0.0
149,150.0,114.41125000000002,0.0,0.28625000000000006,0.0,0.0,3.0,0.0,True,114.12500000000003,0.0,1,1,1.0,0.0
150,151.0,114.28750000000002,0.0,0.28750000000000003,0.0,0.0,3.0,0.0,True,114.00000000000003,0.0,1,1,1.0,0.0
151,152.0,115.29125000000002,0.0,0.29125000000000006,0.0,0.0,3.0,0.0,True,115.00000000000003,0.0,1,1,1.0,0.0
152,153.0,115.54250000000002,0.0,0.29250000000000004,0.0,0.0,3.0,0.0,True,115.25000000000003,0.0,1,1,1.0,0.0
153,154.0,118.67375000000003,0.0,0.29875000000000007,0.0,0.0,3.0,0.0,True,118.37500000000003,0.0,1,1,1.0,0.0
154,155.0,118.92500000000003,0.0,0.30000000000000004,0.0,0.0,3.0,0.0,True,118.62500000000003,0.0,1,1,1.0,0.0
155,156.0,120.80375000000002,0.0,0.3037500000000001,0.0,0.0,3.0,0.0,True,120.50000000000003,0.0,1,1,1.0,0.0
156,157.0,122.30750000000002,0.0,0.30750000000000005,0.0,0.0,3.0,0.0,True,122.00000000000003,0.0,1,1,1.0,0.0
157,158.0,121.55875000000002,0.0,0.3087500000000001,0.0,0.0,3.0,0.0,True,121.25000000000003,0.0,1,1,1.0,0.0
158,159.0,122.06000000000003,0.0,0.31000000000000005,0.0,0.0,3.0,0.0,True,121.75000000000003,0.0,1,1,1.0,0.0
159,160.0,123.06375000000003,0.0,0.3137500000000001,0.0,0.0,3.0,0.0,True,122.75000000000003,0.0,1,1,1.0,0.0
160,161.0,123.56500000000003,0.0,0.31500000000000006,0.0,0.0,3.0,0.0,True,123.25000000000003,0.0,1,1,1.0,0.0
161,162.0,123.31625000000003,0.0,0.3162500000000001,0.0,0.0,3.0,0.0,True,123.00000000000003,0.0,1,1,1.0,0.0
162,163.0,124.94500000000002,0.0,0.32000000000000006,0.0,0.0,3.0,0.0,True,124.62500000000003,0.0,1,1,1.0,0.0
163,164.0,125.82125000000002,0.0,0.32125000000000004,0.0,0.0,3.0,0.0,True,125.50000000000003,0.0,1,1,1.0,0.0
164,165.0,127.07250000000002,0.0,0.32250000000000006,0.0,0.0,3.0,0.0,True,126.75000000000003,0.0,1,1,1.0,0.0
165,166.0,127.07375000000002,0.0,0.32375000000000004,0.0,0.0,3.0,0.0,True,126.75000000000003,0.0,1,1,1.0,0.0
166,167.0,127.57500000000003,0.0,0.32500000000000007,0.0,0.0,3.0,0.0,True,127.25000000000003,0.0,1,1,1.0,0.0
167,168.0,128.07625000000002,0.0,0.32625000000000004,0.0,0.0,3.0,0.0,True,127.75000000000003,0.0,1,1,1.0,0.0
168,169.0,128.07750000000001,0.0,0.32750000000000007,0.0,0.0,3.0,0.0,True,127.75000000000003,0.0,1,1,1.0,0.0
169,170.0,128.32875,0.0,0.32875000000000004,0.0,0.0,3.0,0.0,True,128.00000000000003,0.0,1,1,1.0,0.0
170,171.0,130.08250000000004,0.0,0.3325000000000001,0.0,0.0,3.0,0.0,True,129.75000000000003,0.0,1,1,1.0,0.0
171,172.0,131.33625000000004,0.0,0.33625000000000005,0.0,0.0,3.0,0.0,True,131.00000000000003,0.0,1,1,1.0,0.0
172,173.0,132.84000000000003,0.0,0.3400000000000001,0.0,0.0,3.0,0.0,True,132.50000000000003,0.0,1,1,1.0,0.0
173,174.0,134.09375000000003,0.0,0.34375000000000006,0.0,0.0,3.0,0.0,True,133.75000000000003,0.0,1,1,1.0,0.0
174,175.0,134.09500000000003,0.0,0.3450000000000001,0.0,0.0,3.0,0.0,True,133.75000000000003,0.0,1,1,1.0,0.0
175,176.0,134.59875000000002,0.0,0.34875000000000006,0.0,0.0,3.0,0.0,True,134.25000000000003,0.0,1,1,1.0,0.0
176,177.0,135.85250000000002,0.0,0.3525000000000001,0.0,0.0,3.0,0.0,True,135.50000000000003,0.0,1,1,1.0,0.0
177,178.0,136.10375000000002,0.0,0.35375000000000006,0.0,0.0,3.0,0.0,True,135.75000000000003,0.0,1,1,1.0,0.0
178,179.0,137.61,0.0,0.3600000000000001,0.0,0.0,3.0,0.0,True,137.25000000000003,0.0,1,1,1.0,0.0
179,180.0,137.86125000000004,0.0,0.36125000000000007,0.0,0.0,3.0,0.0,True,137.50000000000003,0.0,1,1,1.0,0.0
180,181.0,140.24000000000004,0.0,0.36500000000000005,0.0,0.0,3.0,0.0,True,139.87500000000003,0.0,1,1,1.0,0.0
181,182.0,140.24125000000004,0.0,0.3662500000000001,0.0,0.0,3.0,0.0,True,139.87500000000003,0.0,1,1,1.0,0.0
182,183.0,140.86750000000004,0.0,0.36750000000000005,0.0,0.0,3.0,0.0,True,140.50000000000003,0.0,1,1,1.0,0.0
183,184.0,141.11875000000003,0.0,0.3687500000000001,0.0,0.0,3.0,0.0,True,140.75000000000003,0.0,1,1,1.0,0.0
184,185.0,141.37000000000003,0.0,0.37000000000000005,0.0,0.0,3.0,0.0,True,141.00000000000003,0.0,1,1,1.0,0.0
185,186.0,141.87125000000003,0.0,0.3712500000000001,0.0,0.0,3.0,0.0,True,141.50000000000003,0.0,1,1,1.0,0.0
186,187.0,140.49750000000003,0.0,0.37250000000000005,0.0,0.0,3.0,0.0,True,140.12500000000003,0.0,1,1,1.0,0.0
187,188.0,140.49875000000003,0.0,0.3737500000000001,0.0,0.0,3.0,0.0,True,140.12500000000003,0.0,1,1,1.0,0.0
188,189.0,140.50000000000003,0.0,0.37500000000000006,0.0,0.0,3.0,0.0,True,140.12500000000003,0.0,1,1,1.0,0.0
189,190.0,141.50375000000003,0.0,0.3787500000000001,0.0,0.0,3.0,0.0,True,141.12500000000003,0.0,1,1,1.0,0.0
190,191.0,142.13000000000002,0.0,0.38000000000000006,0.0,0.0,3.0,0.0,True,141.75000000000003,0.0,1,1,1.0,0.0
191,192.0,144.25875000000002,0.0,0.3837500000000001,0.0,0.0,3.0,0.0,True,143.87500000000003,0.0,1,1,1.0,0.0
192,193.0,146.38750000000002,0.0,0.38750000000000007,0.0,0.0,3.0,0.0,True,146.00000000000003,0.0,1,1,1.0,0.0
193,194.0,148.76625000000004,0.0,0.3912500000000001,0.0,0.0,3.0,0.0,True,148.37500000000003,0.0,1,1,1.0,0.0
194,195.0,148.76750000000004,0.0,0.39250000000000007,0.0,0.0,3.0,0.0,True,148.37500000000003,0.0,1,1,1.0,0.0
195,196.0,149.26875000000004,0.0,0.3937500000000001,0.0,0.0,3.0,0.0,True,148.87500000000003,0.0,1,1,1.0,0.0
196,197.0,149.27000000000004,0.0,0.3950000000000001,0.0,0.0,3.0,0.0,True,148.87500000000003,0.0,1,1,1.0,0.0
197,198.0,149.64625000000004,0.0,0.3962500000000001,0.0,0.0,3.0,0.0,True,149.25000000000003,0.0,1,1,1.0,0.0
198,199.0,150.15000000000003,0.0,0.4000000000000001,0.0,0.0,3.0,0.0,True,149.75000000000003,0.0,1,1,1.0,0.0
199,200.0,151.65375000000003,0.0,0.40375000000000005,0.0,0.0,3.0,0.0,True,151.25000000000003,0.0,1,1,1.0,0.0
200,201.0,152.53000000000003,0.0,0.4050000000000001,0.0,0.0,3.0,0.0,True,152.12500000000003,0.0,1,1,1.0,0.0
201,202.0,152.53125000000003,0.0,0.40625000000000006,0.0,0.0,3.0,0.0,True,152.12500000000003,0.0,1,1,1.0,0.0
202,203.0,153.03250000000003,0.0,0.4075000000000001,0.0,0.0,3.0,0.0,True,152.62500000000003,0.0,1,1,1.0,0.0
203,204.0,153.03375000000003,0.0,0.40875000000000006,0.0,0.0,3.0,0.0,True,152.62500000000003,0.0,1,1,1.0,0.0
204,205.0,153.28500000000003,0.0,0.4100000000000001,0.0,0.0,3.0,0.0,True,152.87500000000003,0.0,1,1,1.0,0.0
205,206.0,155.54125000000002,0.0,0.41625000000000006,0.0,0.0,3.0,0.0,True,155.12500000000003,0.0,1,1,1.0,0.0
206,207.0,159.42250000000004,0.0,0.4225000000000001,0.0,0.0,3.0,0.0,True,159.00000000000003,0.0,1,1,1.0,0.0
207,208.0,158.54875000000004,0.0,0.42375000000000007,0.0,0.0,3.0,0.0,True,158.12500000000003,0.0,1,1,1.0,0.0
208,209.0,159.55250000000004,0.0,0.4275000000000001,0.0,0.0,3.0,0.0,True,159.12500000000003,0.0,1,1,1.0,0.0
209,210.0,161.55875000000003,0.0,0.4337500000000001,0.0,0.0,3.0,0.0,True,161.12500000000003,0.0,1,1,1.0,0.0
210,211.0,161.31000000000003,0.0,0.4350000000000001,0.0,0.0,3.0,0.0,True,160.87500000000003,0.0,1,1,1.0,0.0
211,212.0,162.31375000000003,0.0,0.4387500000000001,0.0,0.0,3.0,0.0,True,161.87500000000003,0.0,1,1,1.0,0.0
212,213.0,162.56500000000003,0.0,0.44000000000000006,0.0,0.0,3.0,0.0,True,162.12500000000003,0.0,1,1,1.0,0.0
213,214.0,163.19125000000003,0.0,0.4412500000000001,0.0,0.0,3.0,0.0,True,162.75000000000003,0.0,1,1,1.0,0.0
214,215.0,162.44250000000002,0.0,0.44250000000000006,0.0,0.0,3.0,0.0,True,162.00000000000003,0.0,1,1,1.0,0.0
215,216.0,162.19375000000002,0.0,0.4437500000000001,0.0,0.0,3.0,0.0,True,161.75000000000003,0.0,1,1,1.0,0.0
216,217.0,162.69500000000002,0.0,0.44500000000000006,0.0,0.0,3.0,0.0,True,162.25000000000003,0.0,1,1,1.0,0.0
217,218.0,166.07625000000004,0.0,0.4512500000000001,0.0,0.0,3.0,0.0,True,165.62500000000003,0.0,1,1,1.0,0.0
218,219.0,166.32750000000004,0.0,0.45250000000000007,0.0,0.0,3.0,0.0,True,165.87500000000003,0.0,1,1,1.0,0.0
219,220.0,164.45375000000004,0.0,0.4537500000000001,0.0,0.0,3.0,0.0,True,164.00000000000003,0.0,1,1,1.0,0.0
220,221.0,166.46000000000004,0.0,0.4600000000000001,0.0,0.0,3.0,0.0,True,166.00000000000003,0.0,1,1,1.0,0.0
221,222.0,166.21125000000004,0.0,0.4612500000000001,0.0,0.0,3.0,0.0,True,165.75000000000003,0.0,1,1,1.0,0.0
222,223.0,165.71250000000003,0.0,0.4625000000000001,0.0,0.0,3.0,0.0,True,165.25000000000003,0.0,1,1,1.0,0.0
223,224.0,166.46625000000003,0.0,0.4662500000000001,0.0,0.0,3.0,0.0,True,166.00000000000003,0.0,1,1,1.0,0.0
224,225.0,165.46750000000003,0.0,0.4675000000000001,0.0,0.0,3.0,0.0,True,165.00000000000003,0.0,1,1,1.0,0.0
225,226.0,165.34375000000003,0.0,0.4687500000000001,0.0,0.0,3.0,0.0,True,164.87500000000003,0.0,1,1,1.0,0.0
226,227.0,167.10000000000002,0.0,0.4750000000000001,0.0,0.0,3.0,0.0,True,166.62500000000003,0.0,1,1,1.0,0.0
227,228.0,167.35125000000002,0.0,0.4762500000000001,0.0,0.0,3.0,0.0,True,166.87500000000003,0.0,1,1,1.0,0.0
228,229.0,168.22750000000002,0.0,0.4775000000000001,0.0,0.0,3.0,0.0,True,167.75000000000003,0.0,1,1,1.0,0.0
229,230.0,168.22875000000002,0.0,0.4787500000000001,0.0,0.0,3.0,0.0,True,167.75000000000003,0.0,1,1,1.0,0.0
230,231.0,167.35500000000005,0.0,0.4800000000000001,0.0,0.0,3.0,0.0,True,166.87500000000003,0.0,1,1,1.0,0.0
231,232.0,167.60625000000005,0.0,0.48125000000000007,0.0,0.0,3.0,0.0,True,167.12500000000003,0.0,1,1,1.0,0.0
232,233.0,167.73250000000004,0.0,0.4825000000000001,0.0,0.0,3.0,0.0,True,167.25000000000003,0.0,1,1,1.0,0.0
233,234.0,168.73625000000004,0.0,0.48625000000000007,0.0,0.0,3.0,0.0,True,168.25000000000003,0.0,1,1,1.0,0.0
234,235.0,168.36250000000004,0.0,0.4875000000000001,0.0,0.0,3.0,0.0,True,167.87500000000003,0.0,1,1,1.0,0.0
235,236.0,166.48875000000004,0.0,0.4887500000000001,0.0,0.0,3.0,0.0,True,166.00000000000003,0.0,1,1,1.0,0.0
236,237.0,166.49000000000004,0.0,0.4900000000000001,0.0,0.0,3.0,0.0,True,166.00000000000003,0.0,1,1,1.0,0.0
237,238.0,170.62125000000003,0.0,0.4962500000000001,0.0,0.0,3.0,0.0,True,170.12500000000003,0.0,1,1,1.0,0.0
238,239.0,169.75000000000003,0.0,0.5000000000000001,0.0,0.0,3.0,0.0,True,169.25000000000003,0.0,1,1,1.0,0.0
239,240.0,172.00625000000002,0.0,0.5062500000000001,0.0,0.0,3.0,0.0,True,171.50000000000003,0.0,1,1,1.0,0.0
240,241.0,173.26000000000005,0.0,0.5100000000000001,0.0,0.0,3.0,0.0,True,172.75000000000003,0.0,1,1,1.0,0.0
241,242.0,173.01125000000005,0.0,0.5112500000000001,0.0,0.0,3.0,0.0,True,172.50000000000003,0.0,1,1,1.0,0.0
242,243.0,173.26500000000004,0.0,0.5150000000000001,0.0,0.0,3.0,0.0,True,172.75000000000003,0.0,1,1,1.0,0.0
243,244.0,173.51625000000004,0.0,0.5162500000000001,0.0,0.0,3.0,0.0,True,173.00000000000003,0.0,1,1,1.0,0.0
244,245.0,175.27250000000004,0.0,0.5225000000000001,0.0,0.0,3.0,0.0,True,174.75000000000003,0.0,1,1,1.0,0.0
245,246.0,175.02375000000004,0.0,0.52375,0.0,0.0,3.0,0.0,True,174.50000000000003,0.0,1,1,1.0,0.0
246,247.0,177.77750000000003,0.0,0.5275000000000001,0.0,0.0,3.0,0.0,True,177.25000000000003,0.0,1,1,1.0,0.0
247,248.0,178.28125000000003,0.0,0.5312500000000001,0.0,0.0,3.0,0.0,True,177.75000000000003,0.0,1,1,1.0,0.0
248,249.0,178.53250000000003,0.0,0.5325000000000001,0.0,0.0,3.0,0.0,True,178.00000000000003,0.0,1,1,1.0,0.0
249,250.0,179.28625000000002,0.0,0.5362500000000001,0.0,0.0,3.0,0.0,True,178.75000000000003,0.0,1,1,1.0,0.0
250,251.0,180.16250000000002,0.0,0.5375000000000001,0.0,0.0,3.0,0.0,True,179.62500000000003,0.0,1,1,1.0,0.0
251,252.0,180.53875000000002,0.0,0.5387500000000001,0.0,0.0,3.0,0.0,True,180.00000000000003,0.0,1,1,1.0,0.0
252,253.0,180.54000000000005,0.0,0.5400000000000001,0.0,0.0,3.0,0.0,True,180.00000000000003,0.0,1,1,1.0,0.0
253,254.0,182.91875000000005,0.0,0.5437500000000001,0.0,0.0,3.0,0.0,True,182.37500000000003,0.0,1,1,1.0,0.0
254,255.0,184.17250000000004,0.0,0.5475000000000001,0.0,0.0,3.0,0.0,True,183.62500000000003,0.0,1,1,1.0,0.0
255,256.0,185.17625000000004,0.0,0.5512500000000001,0.0,0.0,3.0,0.0,True,184.62500000000003,0.0,1,1,1.0,0.0
256,257.0,184.67750000000004,0.0,0.5525000000000001,0.0,0.0,3.0,0.0,True,184.12500000000003,0.0,1,1,1.0,0.0
257,258.0,184.17875000000004,0.0,0.5537500000000001,0.0,0.0,3.0,0.0,True,183.62500000000003,0.0,1,1,1.0,0.0
258,259.0,183.93250000000003,0.0,0.5575000000000001,0.0,0.0,3.0,0.0,True,183.37500000000003,0.0,1,1,1.0,0.0
259,260.0,183.05875000000003,0.0,0.5587500000000001,0.0,0.0,3.0,0.0,True,182.50000000000003,0.0,1,1,1.0,0.0
260,261.0,181.93250000000003,0.0,0.5575000000000001,0.0,0.0,3.0,0.0,True,181.37500000000003,0.0,1,2,1.0,0.0
261,262.0,183.31125000000003,0.0,0.5612500000000001,0.0,0.0,3.0,0.0,True,182.75000000000003,0.0,1,2,1.0,0.0
262,263.0,183.81500000000003,0.0,0.5650000000000001,0.0,0.0,3.0,0.0,True,183.25000000000003,0.0,1,2,1.0,0.0
263,264.0,184.56875000000002,0.0,0.5687500000000001,0.0,0.0,3.0,0.0,True,184.00000000000003,0.0,1,2,1.0,0.0
264,265.0,184.32000000000005,0.0,0.5700000000000001,0.0,0.0,3.0,0.0,True,183.75000000000003,0.0,1,2,1.0,0.0
265,266.0,183.82125000000005,0.0,0.5712500000000001,0.0,0.0,3.0,0.0,True,183.25000000000003,0.0,1,2,1.0,0.0
266,267.0,186.70250000000004,0.0,0.5775000000000001,0.0,0.0,3.0,0.0,True,186.12500000000003,0.0,1,2,1.0,0.0
267,268.0,186.07875000000004,0.0,0.5787500000000001,0.0,0.0,3.0,0.0,True,185.50000000000003,0.0,1,2,1.0,0.0
268,269.0,188.33500000000004,0.0,0.5850000000000001,0.0,0.0,3.0,0.0,True,187.75000000000003,0.0,1,2,1.0,0.0
269,270.0,190.34125000000003,0.0,0.5912500000000002,0.0,0.0,3.0,0.0,True,189.75000000000003,0.0,1,2,1.0,0.0
270,271.0,189.46750000000003,0.0,0.5925000000000001,0.0,0.0,3.0,0.0,True,188.87500000000003,0.0,1,2,1.0,0.0
271,272.0,191.34625000000003,0.0,0.5962500000000002,0.0,0.0,3.0,0.0,True,190.75000000000003,0.0,1,2,1.0,0.0
272,273.0,188.84750000000003,0.0,0.5975000000000001,0.0,0.0,3.0,0.0,True,188.25000000000003,0.0,1,2,1.0,0.0
273,274.0,188.72375000000002,0.0,0.5987500000000001,0.0,0.0,3.0,0.0,True,188.12500000000003,0.0,1,2,1.0,0.0
274,275.0,188.35000000000002,0.0,0.6000000000000001,0.0,0.0,3.0,0.0,True,187.75000000000003,0.0,1,2,1.0,0.0
275,276.0,188.60125000000005,0.0,0.6012500000000001,0.0,0.0,3.0,0.0,True,188.00000000000003,0.0,1,2,1.0,0.0
276,277.0,188.85250000000005,0.0,0.6025000000000001,0.0,0.0,3.0,0.0,True,188.25000000000003,0.0,1,2,1.0,0.0
277,278.0,190.23125000000005,0.0,0.6062500000000001,0.0,0.0,3.0,0.0,True,189.62500000000003,0.0,1,2,1.0,0.0
278,279.0,187.98250000000004,0.0,0.6075000000000002,0.0,0.0,3.0,0.0,True,187.37500000000003,0.0,1,2,1.0,0.0
279,280.0,188.98625000000004,0.0,0.6112500000000001,0.0,0.0,3.0,0.0,True,188.37500000000003,0.0,1,2,1.0,0.0
280,281.0,189.99000000000004,0.0,0.6150000000000001,0.0,0.0,3.0,0.0,True,189.37500000000003,0.0,1,2,1.0,0.0
281,282.0,193.12125000000003,0.0,0.6212500000000001,0.0,0.0,3.0,0.0,True,192.50000000000003,0.0,1,2,1.0,0.0
282,283.0,191.99750000000003,0.0,0.6225000000000002,0.0,0.0,3.0,0.0,True,191.37500000000003,0.0,1,2,1.0,0.0
283,284.0,192.50125000000003,0.0,0.6262500000000001,0.0,0.0,3.0,0.0,True,191.87500000000003,0.0,1,2,1.0,0.0
284,285.0,192.37750000000003,0.0,0.6275000000000002,0.0,0.0,3.0,0.0,True,191.75000000000003,0.0,1,2,1.0,0.0
285,286.0,192.37875000000003,0.0,0.6287500000000001,0.0,0.0,3.0,0.0,True,191.75000000000003,0.0,1,2,1.0,0.0
286,287.0,191.88000000000002,0.0,0.6300000000000001,0.0,0.0,3.0,0.0,True,191.25000000000003,0.0,1,2,1.0,0.0
287,288.0,190.88125000000005,0.0,0.6312500000000001,0.0,0.0,3.0,0.0,True,190.25000000000003,0.0,1,2,1.0,0.0
288,289.0,189.00750000000005,0.0,0.6325000000000002,0.0,0.0,3.0,0.0,True,188.37500000000003,0.0,1,2,1.0,0.0
289,290.0,188.50875000000005,0.0,0.6337500000000001,0.0,0.0,3.0,0.0,True,187.87500000000003,0.0,1,2,1.0,0.0
290,291.0,188.51000000000005,0.0,0.6350000000000001,0.0,0.0,3.0,0.0,True,187.87500000000003,0.0,1,2,1.0,0.0
291,292.0,189.63875000000004,0.0,0.6387500000000002,0.0,0.0,3.0,0.0,True,189.00000000000003,0.0,1,2,1.0,0.0
292,293.0,189.26500000000004,0.0,0.6400000000000001,0.0,0.0,3.0,0.0,True,188.62500000000003,0.0,1,2,1.0,0.0
293,294.0,189.51625000000004,0.0,0.6412500000000001,0.0,0.0,3.0,0.0,True,188.87500000000003,0.0,1,2,1.0,0.0
294,295.0,191.02000000000004,0.0,0.6450000000000001,0.0,0.0,3.0,0.0,True,190.37500000000003,0.0,1,2,1.0,0.0
295,296.0,191.14625000000004,0.0,0.6462500000000001,0.0,0.0,3.0,0.0,True,190.50000000000003,0.0,1,2,1.0,0.0
296,297.0,192.40250000000003,0.0,0.6525000000000001,0.0,0.0,3.0,0.0,True,191.75000000000003,0.0,1,2,1.0,0.0
297,298.0,192.90375000000003,0.0,0.6537500000000002,0.0,0.0,3.0,0.0,True,192.25000000000003,0.0,1,2,1.0,0.0
298,299.0,193.78500000000003,0.0,0.6600000000000001,0.0,0.0,3.0,0.0,True,193.12500000000003,0.0,1,3,1.0,0.0
299,300.0,194.41375000000005,0.0,0.6637500000000002,0.0,0.0,3.0,0.0,True,193.75000000000003,0.0,1,3,1.0,0.0
300,301.0,193.41500000000005,0.0,0.6650000000000001,0.0,0.0,3.0,0.0,True,192.75000000000003,0.0,1,3,1.0,0.0
301,302.0,194.41875000000005,0.0,0.6687500000000002,0.0,0.0,3.0,0.0,True,193.75000000000003,0.0,1,3,1.0,0.0
302,303.0,195.17250000000004,0.0,0.6725000000000001,0.0,0.0,3.0,0.0,True,194.50000000000003,0.0,1,3,1.0,0.0
303,304.0,193.79875000000004,0.0,0.6737500000000002,0.0,0.0,3.0,0.0,True,193.12500000000003,0.0,1,3,1.0,0.0
304,305.0,193.55000000000004,0.0,0.6750000000000002,0.0,0.0,3.0,0.0,True,192.87500000000003,0.0,1,3,1.0,0.0
305,306.0,193.55125000000004,0.0,0.6762500000000001,0.0,0.0,3.0,0.0,True,192.87500000000003,0.0,1,3,1.0,0.0
306,307.0,193.80500000000004,0.0,0.6800000000000002,0.0,0.0,3.0,0.0,True,193.12500000000003,0.0,1,3,1.0,0.0
307,308.0,194.30875000000003,0.0,0.6837500000000001,0.0,0.0,3.0,0.0,True,193.62500000000003,0.0,1,3,1.0,0.0
308,309.0,196.56500000000003,0.0,0.6900000000000002,0.0,0.0,3.0,0.0,True,195.87500000000003,0.0,1,3,1.0,0.0
309,310.0,196.81625000000003,0.0,0.6912500000000001,0.0,0.0,3.0,0.0,True,196.12500000000003,0.0,1,3,1.0,0.0
310,311.0,196.94250000000005,0.0,0.6925000000000001,0.0,0.0,3.0,0.0,True,196.25000000000003,0.0,1,3,1.0,0.0
311,312.0,198.94875000000005,0.0,0.6987500000000001,0.0,0.0,3.0,0.0,True,198.25000000000003,0.0,1,3,1.0,0.0
312,313.0,198.70000000000005,0.0,0.7000000000000002,0.0,0.0,3.0,0.0,True,198.00000000000003,0.0,1,3,1.0,0.0
313,314.0,197.95125000000004,0.0,0.7012500000000002,0.0,0.0,3.0,0.0,True,197.25000000000003,0.0,1,3,1.0,0.0
314,315.0,198.58000000000004,0.0,0.7050000000000002,0.0,0.0,3.0,0.0,True,197.87500000000003,0.0,1,3,1.0,0.0
315,316.0,199.83375000000004,0.0,0.7087500000000001,0.0,0.0,3.0,0.0,True,199.12500000000003,0.0,1,3,1.0,0.0
316,317.0,192.32750000000004,0.0,0.7025000000000001,0.0,0.0,3.0,0.0,True,191.62500000000003,0.0,1,4,1.0,0.0
317,318.0,193.33125000000004,0.0,0.7062500000000002,0.0,0.0,3.0,0.0,True,192.62500000000003,0.0,1,4,1.0,0.0
318,319.0,193.83250000000004,0.0,0.7075000000000001,0.0,0.0,3.0,0.0,True,193.12500000000003,0.0,1,4,1.0,0.0
319,320.0,195.58875000000003,0.0,0.7137500000000001,0.0,0.0,3.0,0.0,True,194.87500000000003,0.0,1,4,1.0,0.0
320,321.0,193.33750000000003,0.0,0.7125000000000001,0.0,0.0,3.0,0.0,True,192.62500000000003,0.0,1,5,1.0,0.0
321,322.0,193.84125000000003,0.0,0.7162500000000002,0.0,0.0,3.0,0.0,True,193.12500000000003,0.0,1,5,1.0,0.0
322,323.0,194.84500000000003,0.0,0.7200000000000002,0.0,0.0,3.0,0.0,True,194.12500000000003,0.0,1,5,1.0,0.0
323,324.0,194.59625000000003,0.0,0.7212500000000002,0.0,0.0,3.0,0.0,True,193.87500000000003,0.0,1,5,1.0,0.0
324,325.0,194.34750000000003,0.0,0.7225000000000001,0.0,0.0,3.0,0.0,True,193.62500000000003,0.0,1,5,1.0,0.0
325,326.0,193.34875000000002,0.0,0.7237500000000001,0.0,0.0,3.0,0.0,True,192.62500000000003,0.0,1,5,1.0,0.0
326,327.0,195.35500000000005,0.0,0.7300000000000001,0.0,0.0,3.0,0.0,True,194.62500000000003,0.0,1,5,1.0,0.0
327,328.0,195.60875000000004,0.0,0.7337500000000001,0.0,0.0,3.0,0.0,True,194.87500000000003,0.0,1,5,1.0,0.0
328,329.0,195.48750000000004,0.0,0.7375000000000002,0.0,0.0,3.0,0.0,True,194.75000000000003,0.0,1,5,1.0,0.0
329,330.0,195.86375000000004,0.0,0.7387500000000001,0.0,0.0,3.0,0.0,True,195.12500000000003,0.0,1,5,1.0,0.0
330,331.0,195.86500000000004,0.0,0.7400000000000001,0.0,0.0,3.0,0.0,True,195.12500000000003,0.0,1,5,1.0,0.0
331,332.0,193.61000000000004,0.0,0.7350000000000001,0.0,0.0,3.0,0.0,True,192.87500000000003,0.0,1,6,1.0,0.0
332,333.0,193.11125000000004,0.0,0.7362500000000002,0.0,0.0,3.0,0.0,True,192.37500000000003,0.0,1,6,1.0,0.0
333,334.0,196.24250000000004,0.0,0.7425000000000002,0.0,0.0,3.0,0.0,True,195.50000000000003,0.0,1,6,1.0,0.0
334,335.0,193.49125000000004,0.0,0.7412500000000002,0.0,0.0,3.0,0.0,True,192.75000000000003,0.0,2,7,1.1428571428571428,0.0
335,336.0,194.99500000000003,0.0,0.7450000000000001,0.0,0.0,3.0,0.0,True,194.25000000000003,0.0,2,7,1.1428571428571428,0.0
336,337.0,197.25125000000003,0.0,0.7512500000000002,0.0,0.0,3.0,0.0,True,196.50000000000003,0.0,2,7,1.1428571428571428,0.0
337,338.0,200.38250000000005,0.0,0.7575000000000002,0.0,0.0,3.0,0.0,True,199.62500000000003,0.0,2,7,1.1428571428571428,0.0
338,339.0,200.38375000000005,0.0,0.7587500000000001,0.0,0.0,3.0,0.0,True,199.62500000000003,0.0,2,7,1.1428571428571428,0.0
339,340.0,200.13500000000005,0.0,0.7600000000000001,0.0,0.0,3.0,0.0,True,199.37500000000003,0.0,2,7,1.1428571428571428,0.0
340,341.0,200.01375000000004,0.0,0.7637500000000002,0.0,0.0,3.0,0.0,True,199.25000000000003,0.0,2,7,1.1428571428571428,0.0
341,342.0,200.01500000000004,0.0,0.7650000000000001,0.0,0.0,3.0,0.0,True,199.25000000000003,0.0,2,7,1.1428571428571428,0.0
342,343.0,201.52125000000004,0.0,0.7712500000000001,0.0,0.0,3.0,0.0,True,200.75000000000003,0.0,2,7,1.1428571428571428,0.0
343,344.0,201.77500000000003,0.0,0.7750000000000001,0.0,0.0,3.0,0.0,True,201.00000000000003,0.0,2,7,1.1428571428571428,0.0
344,345.0,202.52875000000003,0.0,0.7787500000000002,0.0,0.0,3.0,0.0,True,201.75000000000003,0.0,2,7,1.1428571428571428,0.0
345,346.0,201.02750000000003,0.0,0.7775000000000002,0.0,0.0,3.0,0.0,True,200.25000000000003,0.0,2,8,1.125,0.0
346,347.0,201.78125000000003,0.0,0.7812500000000001,0.0,0.0,3.0,0.0,True,201.00000000000003,0.0,2,8,1.125,0.0
347,348.0,201.03250000000003,0.0,0.7825000000000002,0.0,0.0,3.0,0.0,True,200.25000000000003,0.0,2,8,1.125,0.0
348,349.0,201.03625000000005,0.0,0.7862500000000001,0.0,0.0,3.0,0.0,True,200.25000000000003,0.0,2,8,1.125,0.0
349,350.0,201.91500000000005,0.0,0.7900000000000001,0.0,0.0,3.0,0.0,True,201.12500000000003,0.0,2,8,1.125,0.0
350,351.0,199.41625000000005,0.0,0.7912500000000001,0.0,0.0,3.0,0.0,True,198.62500000000003,0.0,2,9,1.1111111111111112,0.0
351,352.0,199.67000000000004,0.0,0.7950000000000002,0.0,0.0,3.0,0.0,True,198.87500000000003,0.0,2,9,1.1111111111111112,0.0
352,353.0,200.04625000000004,0.0,0.7962500000000001,0.0,0.0,3.0,0.0,True,199.25000000000003,0.0,2,9,1.1111111111111112,0.0
353,354.0,198.54750000000004,0.0,0.7975000000000002,0.0,0.0,3.0,0.0,True,197.75000000000003,0.0,2,9,1.1111111111111112,0.0
354,355.0,200.05375000000004,0.0,0.8037500000000002,0.0,0.0,3.0,0.0,True,199.25000000000003,0.0,2,9,1.1111111111111112,0.0
355,356.0,201.05750000000003,0.0,0.8075000000000001,0.0,0.0,3.0,0.0,True,200.25000000000003,0.0,2,9,1.1111111111111112,0.0
356,357.0,202.31375000000003,0.0,0.8137500000000002,0.0,0.0,3.0,0.0,True,201.50000000000003,0.0,2,9,1.1111111111111112,0.0
357,358.0,202.81750000000005,0.0,0.8175000000000001,0.0,0.0,3.0,0.0,True,202.00000000000003,0.0,2,9,1.1111111111111112,0.0
358,359.0,203.69625000000005,0.0,0.8212500000000001,0.0,0.0,3.0,0.0,True,202.87500000000003,0.0,2,9,1.1111111111111112,0.0
359,360.0,204.82750000000004,0.0,0.8275000000000001,0.0,0.0,3.0,0.0,True,204.00000000000003,0.0,2,9,1.1111111111111112,0.0
360,361.0,205.20375000000004,0.0,0.8287500000000002,0.0,0.0,3.0,0.0,True,204.37500000000003,0.0,2,9,1.1111111111111112,0.0
361,362.0,205.20750000000004,0.0,0.8325000000000001,0.0,0.0,3.0,0.0,True,204.37500000000003,0.0,2,9,1.1111111111111112,0.0
362,363.0,203.70875000000004,0.0,0.8337500000000002,0.0,0.0,3.0,0.0,True,202.87500000000003,0.0,2,9,1.1111111111111112,0.0
363,364.0,205.46500000000003,0.0,0.8400000000000002,0.0,0.0,3.0,0.0,True,204.62500000000003,0.0,2,9,1.1111111111111112,0.0
364,365.0,206.34125000000003,0.0,0.8412500000000002,0.0,0.0,3.0,0.0,True,205.50000000000003,0.0,2,9,1.1111111111111112,0.0
365,366.0,201.08500000000004,0.0,0.8350000000000002,0.0,0.0,3.0,0.0,True,200.25000000000003,0.0,2,10,1.1,0.0
366,367.0,208.34375000000003,0.0,0.8437500000000001,0.0,0.0,3.0,0.0,True,207.50000000000003,0.0,2,11,1.0909090909090908,0.0
367,368.0,209.09750000000005,0.0,0.8475000000000001,0.0,0.0,3.0,0.0,True,208.25000000000003,0.0,2,11,1.0909090909090908,0.0
368,369.0,209.85125000000005,0.0,0.8512500000000002,0.0,0.0,3.0,0.0,True,209.00000000000003,0.0,2,11,1.0909090909090908,0.0
369,370.0,211.10750000000004,0.0,0.8575000000000002,0.0,0.0,3.0,0.0,True,210.25000000000003,0.0,2,11,1.0909090909090908,0.0
370,371.0,210.85875000000004,0.0,0.8587500000000001,0.0,0.0,3.0,0.0,True,210.00000000000003,0.0,2,11,1.0909090909090908,0.0
371,372.0,212.11500000000004,0.0,0.8650000000000002,0.0,0.0,3.0,0.0,True,211.25000000000003,0.0,2,11,1.0909090909090908,0.0
372,373.0,212.61875000000003,0.0,0.8687500000000001,0.0,0.0,3.0,0.0,True,211.75000000000003,0.0,2,11,1.0909090909090908,0.0
373,374.0,214.12500000000003,0.0,0.8750000000000002,0.0,0.0,3.0,0.0,True,213.25000000000003,0.0,2,11,1.0909090909090908,0.0
374,375.0,214.12625000000006,0.0,0.8762500000000002,0.0,0.0,3.0,0.0,True,213.25000000000003,0.0,2,11,1.0909090909090908,0.0
375,376.0,215.63250000000005,0.0,0.8825000000000002,0.0,0.0,3.0,0.0,True,214.75000000000003,0.0,2,11,1.0909090909090908,0.0
376,377.0,216.76125000000005,0.0,0.8862500000000002,0.0,0.0,3.0,0.0,True,215.87500000000003,0.0,2,11,1.0909090909090908,0.0
377,378.0,217.51500000000004,0.0,0.8900000000000001,0.0,0.0,3.0,0.0,True,216.62500000000003,0.0,2,11,1.0909090909090908,0.0
378,379.0,218.14375000000004,0.0,0.8937500000000002,0.0,0.0,3.0,0.0,True,217.25000000000003,0.0,2,11,1.0909090909090908,0.0
379,380.0,217.64500000000004,0.0,0.8950000000000001,0.0,0.0,3.0,0.0,True,216.75000000000003,0.0,2,11,1.0909090909090908,0.0
380,381.0,216.89625000000004,0.0,0.8962500000000002,0.0,0.0,3.0,0.0,True,216.00000000000003,0.0,2,11,1.0909090909090908,0.0
381,382.0,217.77250000000004,0.0,0.8975000000000002,0.0,0.0,3.0,0.0,True,216.87500000000003,0.0,2,11,1.0909090909090908,0.0
382,383.0,223.02875000000003,0.0,0.9037500000000002,0.0,0.0,3.0,0.0,True,222.12500000000006,0.0,2,11,1.0909090909090908,0.0
383,384.0,224.53500000000005,0.0,0.9100000000000001,0.0,0.0,3.0,0.0,True,223.62500000000006,0.0,2,11,1.0909090909090908,0.0
384,385.0,225.41125000000005,0.0,0.9112500000000002,0.0,0.0,3.0,0.0,True,224.50000000000006,0.0,2,11,1.0909090909090908,0.0
385,386.0,226.04000000000005,0.0,0.9150000000000001,0.0,0.0,3.0,0.0,True,225.12500000000006,0.0,2,11,1.0909090909090908,0.0
386,387.0,227.29625000000004,0.0,0.9212500000000001,0.0,0.0,3.0,0.0,True,226.37500000000006,0.0,2,11,1.0909090909090908,0.0
387,388.0,227.80000000000004,0.0,0.9250000000000002,0.0,0.0,3.0,0.0,True,226.87500000000006,0.0,2,11,1.0909090909090908,0.0
388,389.0,229.68125000000003,0.0,0.9312500000000001,0.0,0.0,3.0,0.0,True,228.75000000000006,0.0,2,11,1.0909090909090908,0.0
389,390.0,231.93750000000006,0.0,0.9375000000000002,0.0,0.0,3.0,0.0,True,231.00000000000006,0.0,2,11,1.0909090909090908,0.0
390,391.0,232.31250000000006,0.0,0.9375000000000002,0.0,0.0,3.0,0.0,True,231.37500000000006,0.0,2,12,1.0833333333333333,0.0
391,392.0,232.81625000000005,0.0,0.9412500000000001,0.0,0.0,3.0,0.0,True,231.87500000000006,0.0,2,12,1.0833333333333333,0.0
392,393.0,233.69250000000005,0.0,0.9425000000000002,0.0,0.0,3.0,0.0,True,232.75000000000006,0.0,2,12,1.0833333333333333,0.0
393,394.0,234.56875000000005,0.0,0.9437500000000002,0.0,0.0,3.0,0.0,True,233.62500000000006,0.0,2,12,1.0833333333333333,0.0
394,395.0,233.32000000000005,0.0,0.9450000000000002,0.0,0.0,3.0,0.0,True,232.37500000000006,0.0,2,12,1.0833333333333333,0.0
395,396.0,233.07125000000005,0.0,0.9462500000000001,0.0,0.0,3.0,0.0,True,232.12500000000006,0.0,2,12,1.0833333333333333,0.0
396,397.0,232.69750000000005,0.0,0.9475000000000002,0.0,0.0,3.0,0.0,True,231.75000000000006,0.0,2,12,1.0833333333333333,0.0
397,398.0,232.19875000000005,0.0,0.9487500000000002,0.0,0.0,3.0,0.0,True,231.25000000000006,0.0,2,12,1.0833333333333333,0.0
398,399.0,231.95000000000005,0.0,0.9500000000000002,0.0,0.0,3.0,0.0,True,231.00000000000006,0.0,2,12,1.0833333333333333,0.0
399,400.0,233.45625000000004,0.0,0.9562500000000002,0.0,0.0,3.0,0.0,True,232.50000000000006,0.0,2,12,1.0833333333333333,0.0
400,401.0,233.96000000000004,0.0,0.9600000000000002,0.0,0.0,3.0,0.0,True,233.00000000000006,0.0,2,12,1.0833333333333333,0.0
401,402.0,234.46375000000003,0.0,0.9637500000000002,0.0,0.0,3.0,0.0,True,233.50000000000006,0.0,2,12,1.0833333333333333,0.0
402,403.0,233.71500000000003,0.0,0.9650000000000002,0.0,0.0,3.0,0.0,True,232.75000000000006,0.0,2,12,1.0833333333333333,0.0
403,404.0,233.46625000000006,0.0,0.9662500000000002,0.0,0.0,3.0,0.0,True,232.50000000000006,0.0,2,12,1.0833333333333333,0.0
404,405.0,234.47000000000006,0.0,0.9700000000000002,0.0,0.0,3.0,0.0,True,233.50000000000006,0.0,2,12,1.0833333333333333,0.0
405,406.0,236.59875000000005,0.0,0.9737500000000002,0.0,0.0,3.0,0.0,True,235.62500000000006,0.0,2,12,1.0833333333333333,0.0
406,407.0,235.85000000000005,0.0,0.9750000000000002,0.0,0.0,3.0,0.0,True,234.87500000000006,0.0,2,12,1.0833333333333333,0.0
407,408.0,235.85375000000005,0.0,0.9787500000000002,0.0,0.0,3.0,0.0,True,234.87500000000006,0.0,2,12,1.0833333333333333,0.0
408,409.0,236.35750000000004,0.0,0.9825000000000002,0.0,0.0,3.0,0.0,True,235.37500000000006,0.0,2,12,1.0833333333333333,0.0
409,410.0,238.36375000000004,0.0,0.9887500000000002,0.0,0.0,3.0,0.0,True,237.37500000000006,0.0,2,12,1.0833333333333333,0.0
410,411.0,237.61500000000004,0.0,0.9900000000000002,0.0,0.0,3.0,0.0,True,236.62500000000006,0.0,2,12,1.0833333333333333,0.0
411,412.0,238.24375000000003,0.0,0.9937500000000002,0.0,0.0,3.0,0.0,True,237.25000000000006,0.0,2,12,1.0833333333333333,0.0
412,413.0,238.37250000000006,0.0,0.9975000000000002,0.0,0.0,3.0,0.0,True,237.37500000000006,0.0,2,12,1.0833333333333333,0.0
413,414.0,238.49875000000006,0.0,0.9987500000000002,0.0,0.0,3.0,0.0,True,237.50000000000006,0.0,2,12,1.0833333333333333,0.0
414,415.0,239.00250000000005,0.0,1.0025000000000002,0.0,0.0,3.0,0.0,True,238.00000000000006,0.0,2,12,1.0833333333333333,0.0
415,416.0,238.25625000000005,0.0,1.00625,0.0,0.0,3.0,0.0,True,237.25000000000006,0.0,2,12,1.0833333333333333,0.0
416,417.0,238.25750000000005,0.0,1.0075000000000003,0.0,0.0,3.0,0.0,True,237.25000000000006,0.0,2,12,1.0833333333333333,0.0
417,418.0,237.50875000000005,0.0,1.0087500000000003,0.0,0.0,3.0,0.0,True,236.50000000000006,0.0,2,12,1.0833333333333333,0.0
418,419.0,237.76250000000005,0.0,1.0125000000000002,0.0,0.0,3.0,0.0,True,236.75000000000006,0.0,2,12,1.0833333333333333,0.0
419,420.0,237.26375000000004,0.0,1.0137500000000002,0.0,0.0,3.0,0.0,True,236.25000000000006,0.0,2,12,1.0833333333333333,0.0
420,421.0,236.51500000000004,0.0,1.0150000000000001,0.0,0.0,3.0,0.0,True,235.50000000000006,0.0,2,12,1.0833333333333333,0.0
421,422.0,236.14125000000004,0.0,1.01625,0.0,0.0,3.0,0.0,True,235.12500000000006,0.0,2,12,1.0833333333333333,0.0
422,423.0,237.89750000000004,0.0,1.0225000000000002,0.0,0.0,3.0,0.0,True,236.87500000000006,0.0,2,12,1.0833333333333333,0.0
423,424.0,239.15375000000006,0.0,1.0287500000000003,0.0,0.0,3.0,0.0,True,238.12500000000006,0.0,2,12,1.0833333333333333,0.0
424,425.0,240.66000000000005,0.0,1.0350000000000001,0.0,0.0,3.0,0.0,True,239.62500000000006,0.0,2,12,1.0833333333333333,0.0
425,426.0,240.03625000000005,0.0,1.0362500000000001,0.0,0.0,3.0,0.0,True,239.00000000000006,0.0,2,12,1.0833333333333333,0.0
426,427.0,241.04250000000005,0.0,1.0425000000000002,0.0,0.0,3.0,0.0,True,240.00000000000006,0.0,2,12,1.0833333333333333,0.0
427,428.0,239.79375000000005,0.0,1.0437500000000002,0.0,0.0,3.0,0.0,True,238.75000000000006,0.0,2,12,1.0833333333333333,0.0
428,429.0,239.17000000000004,0.0,1.0450000000000002,0.0,0.0,3.0,0.0,True,238.12500000000006,0.0,2,12,1.0833333333333333,0.0
429,430.0,238.54875000000004,0.0,1.0487500000000003,0.0,0.0,3.0,0.0,True,237.50000000000006,0.0,2,12,1.0833333333333333,0.0
430,431.0,235.17500000000004,0.0,1.0500000000000003,0.0,0.0,3.0,0.0,True,234.12500000000006,0.0,2,12,1.0833333333333333,0.0
431,432.0,236.68125000000003,0.0,1.0562500000000001,0.0,0.0,3.0,0.0,True,235.62500000000006,0.0,2,12,1.0833333333333333,0.0
432,433.0,238.81000000000006,0.0,1.0600000000000003,0.0,0.0,3.0,0.0,True,237.75000000000006,0.0,2,12,1.0833333333333333,0.0
433,434.0,239.06375000000006,0.0,1.0637500000000002,0.0,0.0,3.0,0.0,True,238.00000000000006,0.0,2,12,1.0833333333333333,0.0
434,435.0,238.81500000000005,0.0,1.0650000000000002,0.0,0.0,3.0,0.0,True,237.75000000000006,0.0,2,12,1.0833333333333333,0.0
435,436.0,237.06625000000005,0.0,1.0662500000000001,0.0,0.0,3.0,0.0,True,236.00000000000006,0.0,2,12,1.0833333333333333,0.0
436,437.0,235.82000000000005,0.0,1.0700000000000003,0.0,0.0,3.0,0.0,True,234.75000000000006,0.0,2,13,1.0769230769230769,0.0
437,438.0,236.32375000000005,0.0,1.0737500000000002,0.0,0.0,3.0,0.0,True,235.25000000000006,0.0,2,13,1.0769230769230769,0.0
438,439.0,236.45000000000005,0.0,1.0750000000000002,0.0,0.0,3.0,0.0,True,235.37500000000006,0.0,2,13,1.0769230769230769,0.0
439,440.0,235.20125000000004,0.0,1.0762500000000002,0.0,0.0,3.0,0.0,True,234.12500000000006,0.0,2,13,1.0769230769230769,0.0
440,441.0,234.20250000000004,0.0,1.0775000000000001,0.0,0.0,3.0,0.0,True,233.12500000000006,0.0,2,13,1.0769230769230769,0.0
441,442.0,233.70375000000004,0.0,1.0787500000000003,0.0,0.0,3.0,0.0,True,232.62500000000006,0.0,2,13,1.0769230769230769,0.0
442,443.0,233.45750000000004,0.0,1.0825000000000002,0.0,0.0,3.0,0.0,True,232.37500000000006,0.0,2,13,1.0769230769230769,0.0
443,444.0,234.83625000000004,0.0,1.0862500000000002,0.0,0.0,3.0,0.0,True,233.75000000000006,0.0,2,13,1.0769230769230769,0.0
444,445.0,234.08750000000003,0.0,1.0875000000000001,0.0,0.0,3.0,0.0,True,233.00000000000006,0.0,2,13,1.0769230769230769,0.0
445,446.0,234.08875000000003,0.0,1.08875,0.0,0.0,3.0,0.0,True,233.00000000000006,0.0,2,13,1.0769230769230769,0.0
446,447.0,233.96000000000004,0.0,1.0850000000000002,0.0,0.0,3.0,0.0,True,232.87500000000006,0.0,3,14,1.2142857142857142,0.0
447,448.0,233.21125000000004,0.0,1.0862500000000002,0.0,0.0,3.0,0.0,True,232.12500000000006,0.0,3,14,1.2142857142857142,0.0
448,449.0,232.58750000000003,0.0,1.0875000000000001,0.0,0.0,3.0,0.0,True,231.50000000000006,0.0,3,14,1.2142857142857142,0.0
449,450.0,233.46625000000006,0.0,1.0912500000000003,0.0,0.0,3.0,0.0,True,232.37500000000006,0.0,3,14,1.2142857142857142,0.0
450,451.0,234.47000000000006,0.0,1.0950000000000002,0.0,0.0,3.0,0.0,True,233.37500000000006,0.0,3,14,1.2142857142857142,0.0
451,452.0,234.72375000000005,0.0,1.0987500000000001,0.0,0.0,3.0,0.0,True,233.62500000000006,0.0,3,14,1.2142857142857142,0.0
452,453.0,233.72500000000005,0.0,1.1000000000000003,0.0,0.0,3.0,0.0,True,232.62500000000006,0.0,3,14,1.2142857142857142,0.0
453,454.0,233.72625000000005,0.0,1.1012500000000003,0.0,0.0,3.0,0.0,True,232.62500000000006,0.0,3,14,1.2142857142857142,0.0
454,455.0,233.97750000000005,0.0,1.1025000000000003,0.0,0.0,3.0,0.0,True,232.87500000000006,0.0,3,15,1.2,0.0
455,456.0,233.47875000000005,0.0,1.1037500000000002,0.0,0.0,3.0,0.0,True,232.37500000000006,0.0,3,15,1.2,0.0
456,457.0,233.48000000000005,0.0,1.1050000000000002,0.0,0.0,3.0,0.0,True,232.37500000000006,0.0,3,15,1.2,0.0
457,458.0,239.48875000000004,0.0,1.1137500000000002,0.0,0.0,3.0,0.0,True,238.37500000000006,0.0,3,16,1.1875,0.0
458,459.0,238.36500000000004,0.0,1.1150000000000002,0.0,0.0,3.0,0.0,True,237.25000000000006,0.0,3,16,1.1875,0.0
459,460.0,239.49125000000004,0.0,1.1162500000000002,0.0,0.0,3.0,0.0,True,238.37500000000006,0.0,3,17,1.1764705882352942,0.0
460,461.0,240.49500000000003,0.0,1.12,0.0,0.0,3.0,0.0,True,239.37500000000006,0.0,3,17,1.1764705882352942,0.0
461,462.0,240.49625000000006,0.0,1.1212500000000003,0.0,0.0,3.0,0.0,True,239.37500000000006,0.0,3,17,1.1764705882352942,0.0
462,463.0,241.50000000000006,0.0,1.1250000000000002,0.0,0.0,3.0,0.0,True,240.37500000000006,0.0,3,17,1.1764705882352942,0.0
463,464.0,240.75125000000006,0.0,1.1262500000000002,0.0,0.0,3.0,0.0,True,239.62500000000006,0.0,3,17,1.1764705882352942,0.0
464,465.0,240.00500000000005,0.0,1.1300000000000001,0.0,0.0,3.0,0.0,True,238.87500000000006,0.0,3,17,1.1764705882352942,0.0
465,466.0,239.25625000000005,0.0,1.1312500000000003,0.0,0.0,3.0,0.0,True,238.12500000000006,0.0,3,17,1.1764705882352942,0.0
466,467.0,239.26000000000005,0.0,1.1350000000000002,0.0,0.0,3.0,0.0,True,238.12500000000006,0.0,3,17,1.1764705882352942,0.0
467,468.0,240.51375000000004,0.0,1.1387500000000002,0.0,0.0,3.0,0.0,True,239.37500000000006,0.0,3,17,1.1764705882352942,0.0
468,469.0,241.77000000000004,0.0,1.1450000000000002,0.0,0.0,3.0,0.0,True,240.62500000000006,0.0,3,17,1.1764705882352942,0.0
469,470.0,241.52375000000004,0.0,1.1487500000000002,0.0,0.0,3.0,0.0,True,240.37500000000006,0.0,3,17,1.1764705882352942,0.0
470,471.0,241.77750000000006,0.0,1.1525000000000003,0.0,0.0,3.0,0.0,True,240.62500000000006,0.0,3,17,1.1764705882352942,0.0
471,472.0,243.65625000000006,0.0,1.1562500000000002,0.0,0.0,3.0,0.0,True,242.50000000000006,0.0,3,17,1.1764705882352942,0.0
472,473.0,244.66000000000005,0.0,1.1600000000000001,0.0,0.0,3.0,0.0,True,243.50000000000006,0.0,3,17,1.1764705882352942,0.0
473,474.0,243.66125000000005,0.0,1.1612500000000001,0.0,0.0,3.0,0.0,True,242.50000000000006,0.0,3,17,1.1764705882352942,0.0
474,475.0,244.66750000000005,0.0,1.1675000000000002,0.0,0.0,3.0,0.0,True,243.50000000000006,0.0,3,18,1.1666666666666667,0.0
475,476.0,243.66875000000005,0.0,1.1687500000000002,0.0,0.0,3.0,0.0,True,242.50000000000006,0.0,3,18,1.1666666666666667,0.0
476,477.0,243.67250000000004,0.0,1.1725000000000003,0.0,0.0,3.0,0.0,True,242.50000000000006,0.0,3,18,1.1666666666666667,0.0
477,478.0,255.05000000000004,0.0,1.1750000000000003,0.0,0.0,3.0,0.0,True,253.87500000000006,0.0,3,19,1.1578947368421053,0.0
478,479.0,256.05375000000004,0.0,1.1787500000000002,0.0,0.0,3.0,0.0,True,254.87500000000006,0.0,3,19,1.1578947368421053,0.0
479,480.0,255.55500000000006,0.0,1.1800000000000002,0.0,0.0,3.0,0.0,True,254.37500000000006,0.0,3,19,1.1578947368421053,0.0
480,481.0,255.05875000000006,0.0,1.1837500000000003,0.0,0.0,3.0,0.0,True,253.87500000000006,0.0,3,19,1.1578947368421053,0.0
481,482.0,262.81125000000003,0.0,1.1862500000000002,0.0,0.0,3.0,0.0,True,261.62500000000006,0.0,3,20,1.15,0.0
482,483.0,263.44000000000005,0.0,1.1900000000000002,0.0,0.0,3.0,0.0,True,262.25000000000006,0.0,3,20,1.15,0.0
483,484.0,264.6962500000001,0.0,1.1962500000000003,0.0,0.0,3.0,0.0,True,263.50000000000006,0.0,3,20,1.15,0.0
484,485.0,263.19750000000005,0.0,1.1975000000000002,0.0,0.0,3.0,0.0,True,262.00000000000006,0.0,3,20,1.15,0.0
485,486.0,262.6987500000001,0.0,1.1987500000000002,0.0,0.0,3.0,0.0,True,261.50000000000006,0.0,3,20,1.15,0.0
486,487.0,260.32500000000005,0.0,1.2000000000000002,0.0,0.0,3.0,0.0,True,259.12500000000006,0.0,3,20,1.15,0.0
487,488.0,257.81375,0.0,1.1887500000000002,0.0,0.0,3.0,0.0,True,256.62500000000006,0.0,4,21,1.2857142857142858,0.0
488,489.0,258.31750000000005,0.0,1.1925000000000003,0.0,0.0,3.0,0.0,True,257.12500000000006,0.0,4,21,1.2857142857142858,0.0
489,490.0,259.5737500000001,0.0,1.1987500000000002,0.0,0.0,3.0,0.0,True,258.37500000000006,0.0,4,21,1.2857142857142858,0.0
490,491.0,259.07500000000005,0.0,1.2000000000000002,0.0,0.0,3.0,0.0,True,257.87500000000006,0.0,4,21,1.2857142857142858,0.0
491,492.0,259.07875000000007,0.0,1.2037500000000003,0.0,0.0,3.0,0.0,True,257.87500000000006,0.0,4,21,1.2857142857142858,0.0
492,493.0,260.08500000000004,0.0,1.2100000000000002,0.0,0.0,3.0,0.0,True,258.87500000000006,0.0,4,21,1.2857142857142858,0.0
493,494.0,261.96375000000006,0.0,1.2137500000000003,0.0,0.0,3.0,0.0,True,260.75000000000006,0.0,4,21,1.2857142857142858,0.0
494,495.0,262.46750000000003,0.0,1.2175000000000002,0.0,0.0,3.0,0.0,True,261.25000000000006,0.0,4,21,1.2857142857142858,0.0
495,496.0,264.84875000000005,0.0,1.2237500000000003,0.0,0.0,3.0,0.0,True,263.62500000000006,0.0,4,21,1.2857142857142858,0.0
496,497.0,265.6025000000001,0.0,1.2275000000000003,0.0,0.0,3.0,0.0,True,264.37500000000006,0.0,4,21,1.2857142857142858,0.0
497,498.0,268.10625000000005,0.0,1.2312500000000002,0.0,0.0,3.0,0.0,True,266.87500000000006,0.0,4,22,1.3181818181818181,0.0
498,499.0,267.9825000000001,0.0,1.2325000000000002,0.0,0.0,3.0,0.0,True,266.75000000000006,0.0,4,22,1.3181818181818181,0.0
499,500.0,268.48875000000004,0.0,1.2387500000000002,0.0,0.0,3.0,0.0,True,267.25000000000006,0.0,4,23,1.3043478260869565,0.0
500,501.0,271.62000000000006,0.0,1.2450000000000003,0.0,0.0,3.0,0.0,True,270.37500000000006,0.0,4,23,1.3043478260869565,0.0
501,502.0,273.12625,0.0,1.2512500000000002,0.0,0.0,3.0,0.0,True,271.87500000000006,0.0,4,23,1.3043478260869565,0.0
502,503.0,272.12750000000005,0.0,1.2525000000000002,0.0,0.0,3.0,0.0,True,270.87500000000006,0.0,4,23,1.3043478260869565,0.0
503,504.0,272.6312500000001,0.0,1.2562500000000003,0.0,0.0,3.0,0.0,True,271.37500000000006,0.0,4,23,1.3043478260869565,0.0
504,505.0,275.01000000000005,0.0,1.2600000000000002,0.0,0.0,3.0,0.0,True,273.75000000000006,0.0,4,23,1.3043478260869565,0.0
505,506.0,276.39125000000007,0.0,1.2662500000000003,0.0,0.0,3.0,0.0,True,275.12500000000006,0.0,4,23,1.3043478260869565,0.0
506,507.0,280.02250000000004,0.0,1.2725000000000002,0.0,0.0,3.0,0.0,True,278.75000000000006,0.0,4,23,1.3043478260869565,0.0
507,508.0,279.90125000000006,0.0,1.2762500000000003,0.0,0.0,3.0,0.0,True,278.62500000000006,0.0,4,23,1.3043478260869565,0.0
508,509.0,283.5325,0.0,1.2825000000000002,0.0,0.0,3.0,0.0,True,282.25000000000006,0.0,4,23,1.3043478260869565,0.0
509,510.0,285.53875000000005,0.0,1.2887500000000003,0.0,0.0,3.0,0.0,True,284.25000000000006,0.0,4,23,1.3043478260869565,0.0
510,511.0,283.7875000000001,0.0,1.2875000000000003,0.0,0.0,3.0,0.0,True,282.50000000000006,0.0,4,24,1.3333333333333333,0.0
511,512.0,283.16625000000005,0.0,1.2912500000000002,0.0,0.0,3.0,0.0,True,281.87500000000006,0.0,4,24,1.3333333333333333,0.0
512,513.0,285.54750000000007,0.0,1.2975000000000003,0.0,0.0,3.0,0.0,True,284.25000000000006,0.0,4,24,1.3333333333333333,0.0
513,514.0,287.30375000000004,0.0,1.3037500000000002,0.0,0.0,3.0,0.0,True,286.00000000000006,0.0,4,24,1.3333333333333333,0.0
514,515.0,286.18000000000006,0.0,1.3050000000000002,0.0,0.0,3.0,0.0,True,284.87500000000006,0.0,4,24,1.3333333333333333,0.0
515,516.0,286.68375000000003,0.0,1.3087500000000003,0.0,0.0,3.0,0.0,True,285.37500000000006,0.0,4,24,1.3333333333333333,0.0
516,517.0,297.69500000000005,0.0,1.3200000000000003,0.0,0.0,3.0,0.0,True,296.37500000000006,0.0,4,25,1.32,0.0
517,518.0,298.9512500000001,0.0,1.3262500000000002,0.0,0.0,3.0,0.0,True,297.62500000000006,0.0,4,25,1.32,0.0
518,519.0,299.45500000000004,0.0,1.3300000000000003,0.0,0.0,3.0,0.0,True,298.12500000000006,0.0,4,25,1.32,0.0
519,520.0,298.70625000000007,0.0,1.3312500000000003,0.0,0.0,3.0,0.0,True,297.37500000000006,0.0,4,25,1.32,0.0
520,521.0,297.58250000000004,0.0,1.3325000000000002,0.0,0.0,3.0,0.0,True,296.25000000000006,0.0,4,25,1.32,0.0
521,522.0,296.08625000000006,0.0,1.3362500000000002,0.0,0.0,3.0,0.0,True,294.75000000000006,0.0,4,26,1.3076923076923077,0.0
522,523.0,294.96500000000003,0.0,1.3400000000000003,0.0,0.0,3.0,0.0,True,293.62500000000006,0.0,4,26,1.3076923076923077,0.0
523,524.0,294.09125000000006,0.0,1.3412500000000003,0.0,0.0,3.0,0.0,True,292.75000000000006,0.0,4,26,1.3076923076923077,0.0
524,525.0,293.21750000000003,0.0,1.3425000000000002,0.0,0.0,3.0,0.0,True,291.87500000000006,0.0,4,26,1.3076923076923077,0.0
525,526.0,288.96750000000003,0.0,1.3425000000000002,0.0,0.0,3.0,0.0,True,287.62500000000006,0.0,4,27,1.2962962962962963,0.0
526,527.0,289.22125000000005,0.0,1.3462500000000002,0.0,0.0,3.0,0.0,True,287.87500000000006,0.0,4,27,1.2962962962962963,0.0
527,528.0,288.9750000000001,0.0,1.3500000000000003,0.0,0.0,3.0,0.0,True,287.62500000000006,0.0,4,27,1.2962962962962963,0.0
528,529.0,290.23125000000005,0.0,1.3562500000000002,0.0,0.0,3.0,0.0,True,288.87500000000006,0.0,4,27,1.2962962962962963,0.0
529,530.0,292.48750000000007,0.0,1.3625000000000003,0.0,0.0,3.0,0.0,True,291.12500000000006,0.0,4,27,1.2962962962962963,0.0
530,531.0,291.99125000000004,0.0,1.3662500000000002,0.0,0.0,3.0,0.0,True,290.62500000000006,0.0,4,27,1.2962962962962963,0.0
531,532.0,294.62250000000006,0.0,1.3725000000000003,0.0,0.0,3.0,0.0,True,293.25000000000006,0.0,4,27,1.2962962962962963,0.0
532,533.0,296.12375000000003,0.0,1.3737500000000002,0.0,0.0,3.0,0.0,True,294.75000000000006,0.0,4,28,1.2857142857142858,0.0
533,534.0,295.37500000000006,0.0,1.3750000000000002,0.0,0.0,3.0,0.0,True,294.00000000000006,0.0,4,28,1.2857142857142858,0.0
534,535.0,295.7537500000001,0.0,1.3787500000000004,0.0,0.0,3.0,0.0,True,294.37500000000006,0.0,4,28,1.2857142857142858,0.0
535,536.0,297.26000000000005,0.0,1.3850000000000002,0.0,0.0,3.0,0.0,True,295.87500000000006,0.0,4,28,1.2857142857142858,0.0
536,537.0,296.7637500000001,0.0,1.3887500000000004,0.0,0.0,3.0,0.0,True,295.37500000000006,0.0,4,28,1.2857142857142858,0.0
537,538.0,296.26500000000004,0.0,1.3900000000000003,0.0,0.0,3.0,0.0,True,294.87500000000006,0.0,4,28,1.2857142857142858,0.0
538,539.0,297.77125000000007,0.0,1.3962500000000002,0.0,0.0,3.0,0.0,True,296.37500000000006,0.0,4,28,1.2857142857142858,0.0
539,540.0,298.27250000000004,0.0,1.3975000000000002,0.0,0.0,3.0,0.0,True,296.87500000000006,0.0,4,28,1.2857142857142858,0.0
540,541.0,297.40125000000006,0.0,1.4012500000000003,0.0,0.0,3.0,0.0,True,296.00000000000006,0.0,4,28,1.2857142857142858,0.0
541,542.0,296.4075000000001,0.0,1.4075000000000002,0.0,0.0,3.0,0.0,True,295.00000000000006,0.0,4,29,1.2758620689655173,0.0
542,543.0,295.28375000000005,0.0,1.4087500000000002,0.0,0.0,3.0,0.0,True,293.87500000000006,0.0,4,29,1.2758620689655173,0.0
543,544.0,293.7850000000001,0.0,1.4100000000000004,0.0,0.0,3.0,0.0,True,292.37500000000006,0.0,4,29,1.2758620689655173,0.0
544,545.0,293.66625000000005,0.0,1.4162500000000002,0.0,0.0,3.0,0.0,True,292.25000000000006,0.0,4,29,1.2758620689655173,0.0
545,546.0,293.9200000000001,0.0,1.4200000000000004,0.0,0.0,3.0,0.0,True,292.50000000000006,0.0,4,29,1.2758620689655173,0.0
546,547.0,293.67375000000004,0.0,1.4237500000000003,0.0,0.0,3.0,0.0,True,292.25000000000006,0.0,4,29,1.2758620689655173,0.0
547,548.0,294.92750000000007,0.0,1.4275000000000002,0.0,0.0,3.0,0.0,True,293.50000000000006,0.0,4,29,1.2758620689655173,0.0
548,549.0,294.43125000000003,0.0,1.4312500000000004,0.0,0.0,3.0,0.0,True,293.00000000000006,0.0,4,29,1.2758620689655173,0.0
549,550.0,294.18250000000006,0.0,1.4325000000000003,0.0,0.0,3.0,0.0,True,292.75000000000006,0.0,4,29,1.2758620689655173,0.0
550,551.0,296.18625000000003,0.0,1.4362500000000002,0.0,0.0,3.0,0.0,True,294.75000000000006,0.0,4,29,1.2758620689655173,0.0
551,552.0,295.44000000000005,0.0,1.4400000000000004,0.0,0.0,3.0,0.0,True,294.00000000000006,0.0,4,30,1.2666666666666666,0.0
552,553.0,295.6937500000001,0.0,1.4437500000000003,0.0,0.0,3.0,0.0,True,294.25000000000006,0.0,4,30,1.2666666666666666,0.0
553,554.0,295.94500000000005,0.0,1.4450000000000003,0.0,0.0,3.0,0.0,True,294.50000000000006,0.0,4,30,1.2666666666666666,0.0
554,555.0,293.8237500000001,0.0,1.4487500000000002,0.0,0.0,3.0,0.0,True,292.37500000000006,0.0,4,30,1.2666666666666666,0.0
555,556.0,295.58000000000004,0.0,1.4550000000000003,0.0,0.0,3.0,0.0,True,294.12500000000006,0.0,4,30,1.2666666666666666,0.0
556,557.0,295.45625000000007,0.0,1.4562500000000003,0.0,0.0,3.0,0.0,True,294.00000000000006,0.0,4,30,1.2666666666666666,0.0
557,558.0,297.08750000000003,0.0,1.4625000000000004,0.0,0.0,3.0,0.0,True,295.62500000000006,0.0,4,30,1.2666666666666666,0.0
558,559.0,297.59375000000006,0.0,1.4687500000000002,0.0,0.0,3.0,0.0,True,296.12500000000006,0.0,4,30,1.2666666666666666,0.0
559,560.0,297.0975000000001,0.0,1.4725000000000004,0.0,0.0,3.0,0.0,True,295.62500000000006,0.0,4,30,1.2666666666666666,0.0
560,561.0,296.60125000000005,0.0,1.4762500000000003,0.0,0.0,3.0,0.0,True,295.12500000000006,0.0,4,30,1.2666666666666666,0.0
561,562.0,295.2275000000001,0.0,1.4775000000000003,0.0,0.0,3.0,0.0,True,293.75000000000006,0.0,4,30,1.2666666666666666,0.0
562,563.0,291.97875000000005,0.0,1.4787500000000002,0.0,0.0,3.0,0.0,True,290.50000000000006,0.0,4,30,1.2666666666666666,0.0
563,564.0,292.2325000000001,0.0,1.4825000000000004,0.0,0.0,3.0,0.0,True,290.75000000000006,0.0,4,30,1.2666666666666666,0.0
564,565.0,293.86375000000004,0.0,1.4887500000000002,0.0,0.0,3.0,0.0,True,292.37500000000006,0.0,4,30,1.2666666666666666,0.0
565,566.0,292.99250000000006,0.0,1.4925000000000004,0.0,0.0,3.0,0.0,True,291.50000000000006,0.0,4,30,1.2666666666666666,0.0
566,567.0,293.74625000000003,0.0,1.4962500000000003,0.0,0.0,3.0,0.0,True,292.25000000000006,0.0,4,30,1.2666666666666666,0.0
567,568.0,294.75250000000005,0.0,1.5025000000000004,0.0,0.0,3.0,0.0,True,293.25000000000006,0.0,4,30,1.2666666666666666,0.0
568,569.0,297.6337500000001,0.0,1.5087500000000003,0.0,0.0,3.0,0.0,True,296.12500000000006,0.0,4,30,1.2666666666666666,0.0
569,570.0,296.13500000000005,0.0,1.5100000000000002,0.0,0.0,3.0,0.0,True,294.62500000000006,0.0,4,30,1.2666666666666666,0.0
570,571.0,295.1387500000001,0.0,1.5137500000000004,0.0,0.0,3.0,0.0,True,293.62500000000006,0.0,4,30,1.2666666666666666,0.0
571,572.0,295.39500000000004,0.0,1.5200000000000002,0.0,0.0,3.0,0.0,True,293.87500000000006,0.0,4,31,1.2580645161290323,0.0
572,573.0,293.77375000000006,0.0,1.5237500000000004,0.0,0.0,3.0,0.0,True,292.25000000000006,0.0,4,31,1.2580645161290323,0.0
573,574.0,295.53000000000003,0.0,1.5300000000000002,0.0,0.0,3.0,0.0,True,294.00000000000006,0.0,4,31,1.2580645161290323,0.0
574,575.0,297.28625000000005,0.0,1.5362500000000003,0.0,0.0,3.0,0.0,True,295.75000000000006,0.0,4,31,1.2580645161290323,0.0
575,576.0,297.7900000000001,0.0,1.5400000000000003,0.0,0.0,3.0,0.0,True,296.25000000000006,0.0,4,31,1.2580645161290323,0.0
576,577.0,298.79625000000004,0.0,1.5462500000000003,0.0,0.0,3.0,0.0,True,297.25000000000006,0.0,4,31,1.2580645161290323,0.0
577,578.0,297.79750000000007,0.0,1.5475000000000003,0.0,0.0,3.0,0.0,True,296.25000000000006,0.0,4,31,1.2580645161290323,0.0
578,579.0,295.17375000000004,0.0,1.5487500000000003,0.0,0.0,3.0,0.0,True,293.62500000000006,0.0,4,31,1.2580645161290323,0.0
579,580.0,295.55250000000007,0.0,1.5525000000000002,0.0,0.0,3.0,0.0,True,294.00000000000006,0.0,4,31,1.2580645161290323,0.0
580,581.0,295.55375000000004,0.0,1.5537500000000004,0.0,0.0,3.0,0.0,True,294.00000000000006,0.0,4,31,1.2580645161290323,0.0
581,582.0,294.18000000000006,0.0,1.5550000000000004,0.0,0.0,3.0,0.0,True,292.62500000000006,0.0,4,31,1.2580645161290323,0.0
582,583.0,295.6887500000001,0.0,1.5637500000000002,0.0,0.0,3.0,0.0,True,294.12500000000006,0.0,4,32,1.3125,0.0
583,584.0,294.19000000000005,0.0,1.5650000000000004,0.0,0.0,3.0,0.0,True,292.62500000000006,0.0,4,32,1.3125,0.0
584,585.0,289.9412500000001,0.0,1.5662500000000004,0.0,0.0,3.0,0.0,True,288.37500000000006,0.0,4,32,1.3125,0.0
585,586.0,294.20250000000004,0.0,1.5775000000000003,0.0,0.0,3.0,0.0,True,292.62500000000006,0.0,4,33,1.303030303030303,0.0
586,587.0,294.20875000000007,0.0,1.5837500000000002,0.0,0.0,3.0,0.0,True,292.62500000000006,0.0,4,33,1.303030303030303,0.0
587,588.0,295.21500000000003,0.0,1.5900000000000003,0.0,0.0,3.0,0.0,True,293.62500000000006,0.0,4,33,1.303030303030303,0.0
588,589.0,295.59375000000006,0.0,1.5937500000000002,0.0,0.0,3.0,0.0,True,294.00000000000006,0.0,4,34,1.3823529411764706,0.0
589,590.0,294.8475000000001,0.0,1.5975000000000004,0.0,0.0,3.0,0.0,True,293.25000000000006,0.0,4,34,1.3823529411764706,0.0
590,591.0,288.84125000000006,0.0,1.5912500000000003,0.0,0.0,3.0,0.0,True,287.25000000000006,0.0,6,35,1.5142857142857142,0.0
591,592.0,286.21750000000003,0.0,1.5925000000000002,0.0,0.0,3.0,0.0,True,284.62500000000006,0.0,6,35,1.5142857142857142,0.0
592,593.0,285.97125000000005,0.0,1.5962500000000004,0.0,0.0,3.0,0.0,True,284.37500000000006,0.0,6,35,1.5142857142857142,0.0
593,594.0,285.9750000000001,0.0,1.6000000000000003,0.0,0.0,3.0,0.0,True,284.37500000000006,0.0,6,35,1.5142857142857142,0.0
594,595.0,284.47625000000005,0.0,1.6012500000000003,0.0,0.0,3.0,0.0,True,282.87500000000006,0.0,6,35,1.5142857142857142,0.0
595,596.0,284.7325000000001,0.0,1.6075000000000004,0.0,0.0,3.0,0.0,True,283.12500000000006,0.0,6,35,1.5142857142857142,0.0
596,597.0,284.23625000000004,0.0,1.6112500000000003,0.0,0.0,3.0,0.0,True,282.62500000000006,0.0,6,35,1.5142857142857142,0.0
597,598.0,279.23750000000007,0.0,1.6125000000000003,0.0,0.0,3.0,0.0,True,277.62500000000006,0.0,6,35,1.5142857142857142,0.0
598,599.0,274.98625000000004,0.0,1.6112500000000003,0.0,0.0,3.0,0.0,True,273.37500000000006,0.0,6,36,1.5277777777777777,0.0
599,600.0,275.86500000000007,0.0,1.6150000000000002,0.0,0.0,3.0,0.0,True,274.25000000000006,0.0,6,36,1.5277777777777777,0.0
600,601.0,276.37125000000003,0.0,1.6212500000000003,0.0,0.0,3.0,0.0,True,274.75000000000006,0.0,6,36,1.5277777777777777,0.0
601,602.0,277.00000000000006,0.0,1.6250000000000002,0.0,0.0,3.0,0.0,True,275.37500000000006,0.0,6,36,1.5277777777777777,0.0
602,603.0,276.0037500000001,0.0,1.6287500000000004,0.0,0.0,3.0,0.0,True,274.37500000000006,0.0,6,36,1.5277777777777777,0.0
603,604.0,274.50750000000005,0.0,1.6325000000000003,0.0,0.0,3.0,0.0,True,272.87500000000006,0.0,6,37,1.5135135135135136,0.0
604,605.0,273.1337500000001,0.0,1.6337500000000003,0.0,0.0,3.0,0.0,True,271.50000000000006,0.0,6,37,1.5135135135135136,0.0
605,606.0,273.39000000000004,0.0,1.6400000000000003,0.0,0.0,3.0,0.0,True,271.75000000000006,0.0,6,37,1.5135135135135136,0.0
606,607.0,269.89125000000007,0.0,1.6412500000000003,0.0,0.0,3.0,0.0,True,268.25000000000006,0.0,6,38,1.5,0.0
607,608.0,267.76750000000004,0.0,1.6425000000000003,0.0,0.0,3.0,0.0,True,266.12500000000006,0.0,6,38,1.5,0.0
608,609.0,268.52375000000006,0.0,1.6487500000000004,0.0,0.0,3.0,0.0,True,266.87500000000006,0.0,6,38,1.5,0.0
609,610.0,268.77750000000003,0.0,1.6525000000000003,0.0,0.0,3.0,0.0,True,267.12500000000006,0.0,6,38,1.5,0.0
610,611.0,258.64875000000006,0.0,1.6487500000000004,0.0,0.0,3.0,0.0,True,257.00000000000006,0.0,6,39,1.4871794871794872,0.0
611,612.0,258.40000000000003,0.0,1.6500000000000004,0.0,0.0,3.0,0.0,True,256.75000000000006,0.0,6,39,1.4871794871794872,0.0
612,613.0,258.15625000000006,0.0,1.6562500000000002,0.0,0.0,3.0,0.0,True,256.50000000000006,0.0,6,39,1.4871794871794872,0.0
613,614.0,261.9200000000001,0.0,1.6700000000000004,0.0,0.0,3.0,0.0,True,260.25000000000006,0.0,6,40,1.5,0.0
614,615.0,263.92625000000004,0.0,1.6762500000000002,0.0,0.0,3.0,0.0,True,262.25000000000006,0.0,6,40,1.5,0.0
615,616.0,264.18000000000006,0.0,1.6800000000000004,0.0,0.0,3.0,0.0,True,262.50000000000006,0.0,6,41,1.5121951219512195,0.0
616,617.0,255.42625000000004,0.0,1.6762500000000002,0.0,0.0,3.0,0.0,True,253.75000000000006,0.0,6,42,1.5952380952380953,0.0
617,618.0,261.78625000000005,0.0,1.6612500000000003,0.0,0.0,3.0,0.0,True,260.12500000000006,0.0,12,43,1.8372093023255813,0.0
618,619.0,260.2900000000001,0.0,1.6650000000000003,0.0,0.0,3.0,0.0,True,258.62500000000006,0.0,12,44,1.9090909090909092,0.0
619,620.0,260.79625000000004,0.0,1.6712500000000003,0.0,0.0,3.0,0.0,True,259.12500000000006,0.0,12,44,1.9090909090909092,0.0
620,621.0,260.04750000000007,0.0,1.6725000000000003,0.0,0.0,3.0,0.0,True,258.37500000000006,0.0,12,44,1.9090909090909092,0.0
621,622.0,259.17625000000004,0.0,1.6762500000000002,0.0,0.0,3.0,0.0,True,257.50000000000006,0.0,12,44,1.9090909090909092,0.0
622,623.0,260.05750000000006,0.0,1.6825000000000003,0.0,0.0,3.0,0.0,True,258.37500000000006,0.0,12,44,1.9090909090909092,0.0
623,624.0,258.55875000000003,0.0,1.6837500000000003,0.0,0.0,3.0,0.0,True,256.87500000000006,0.0,12,44,1.9090909090909092,0.0
624,625.0,257.68250000000006,0.0,1.6825000000000003,0.0,0.0,3.0,0.0,True,256.00000000000006,0.0,12,45,2.0,0.0
625,626.0,250.93125000000006,0.0,1.6812500000000004,0.0,0.0,3.0,0.0,True,249.25000000000006,0.0,12,46,1.9782608695652173,0.0
626,627.0,256.56125000000003,0.0,1.6862500000000002,0.0,0.0,3.0,0.0,True,254.87500000000006,0.0,12,47,1.9574468085106382,0.0
627,628.0,254.80750000000006,0.0,1.6825000000000003,0.0,0.0,3.0,0.0,True,253.12500000000006,0.0,12,48,1.9375,0.0
628,629.0,255.81375000000006,0.0,1.6887500000000004,0.0,0.0,3.0,0.0,True,254.12500000000006,0.0,12,48,1.9375,0.0
629,630.0,256.32000000000005,0.0,1.6950000000000003,0.0,0.0,3.0,0.0,True,254.62500000000006,0.0,12,48,1.9375,0.0
630,631.0,256.9512500000001,0.0,1.7012500000000004,0.0,0.0,3.0,0.0,True,255.25000000000006,0.0,12,48,1.9375,0.0
631,632.0,257.45750000000004,0.0,1.7075000000000002,0.0,0.0,3.0,0.0,True,255.75000000000006,0.0,12,48,1.9375,0.0
632,633.0,259.71375000000006,0.0,1.7137500000000003,0.0,0.0,3.0,0.0,True,258.00000000000006,0.0,12,48,1.9375,0.0
633,634.0,256.84000000000003,0.0,1.7150000000000003,0.0,0.0,3.0,0.0,True,255.12500000000006,0.0,12,48,1.9375,0.0
634,635.0,257.34375000000006,0.0,1.7187500000000004,0.0,0.0,3.0,0.0,True,255.62500000000006,0.0,12,49,1.9183673469387754,0.0
635,636.0,257.975,0.0,1.7250000000000003,0.0,0.0,3.0,0.0,True,256.25000000000006,0.0,12,49,1.9183673469387754,0.0
636,637.0,259.85625000000005,0.0,1.7312500000000004,0.0,0.0,3.0,0.0,True,258.12500000000006,0.0,12,49,1.9183673469387754,0.0
637,638.0,261.86250000000007,0.0,1.7375000000000003,0.0,0.0,3.0,0.0,True,260.12500000000006,0.0,12,49,1.9183673469387754,0.0
638,639.0,260.36375000000004,0.0,1.7387500000000002,0.0,0.0,3.0,0.0,True,258.62500000000006,0.0,12,50,1.92,0.0
639,640.0,255.86000000000004,0.0,1.7350000000000003,0.0,0.0,3.0,0.0,True,254.12500000000006,0.0,12,51,1.9019607843137254,0.0
640,641.0,258.86875000000003,0.0,1.7437500000000004,0.0,0.0,3.0,0.0,True,257.12500000000006,0.0,12,52,1.8846153846153846,0.0
641,642.0,259.62500000000006,0.0,1.7500000000000004,0.0,0.0,3.0,0.0,True,257.87500000000006,0.0,12,52,1.8846153846153846,0.0
642,643.0,260.63125,0.0,1.7562500000000003,0.0,0.0,3.0,0.0,True,258.87500000000006,0.0,12,52,1.8846153846153846,0.0
643,644.0,264.38750000000005,0.0,1.7625000000000004,0.0,0.0,3.0,0.0,True,262.62500000000006,0.0,12,52,1.8846153846153846,0.0
644,645.0,263.89125000000007,0.0,1.7662500000000003,0.0,0.0,3.0,0.0,True,262.12500000000006,0.0,12,52,1.8846153846153846,0.0
645,646.0,264.14500000000004,0.0,1.7700000000000002,0.0,0.0,3.0,0.0,True,262.37500000000006,0.0,12,52,1.8846153846153846,0.0
646,647.0,264.65125000000006,0.0,1.7762500000000003,0.0,0.0,3.0,0.0,True,262.87500000000006,0.0,12,52,1.8846153846153846,0.0
647,648.0,265.03000000000003,0.0,1.7800000000000002,0.0,0.0,3.0,0.0,True,263.25000000000006,0.0,12,52,1.8846153846153846,0.0
648,649.0,267.41125000000005,0.0,1.7862500000000003,0.0,0.0,3.0,0.0,True,265.62500000000006,0.0,12,52,1.8846153846153846,0.0
649,650.0,270.0425000000001,0.0,1.7925000000000004,0.0,0.0,3.0,0.0,True,268.25000000000006,0.0,12,52,1.8846153846153846,0.0
650,651.0,269.67125000000004,0.0,1.7962500000000003,0.0,0.0,3.0,0.0,True,267.87500000000006,0.0,12,52,1.8846153846153846,0.0
651,652.0,270.55000000000007,0.0,1.8000000000000003,0.0,0.0,3.0,0.0,True,268.75000000000006,0.0,12,52,1.8846153846153846,0.0
652,653.0,270.55625000000003,0.0,1.8062500000000004,0.0,0.0,3.0,0.0,True,268.75000000000006,0.0,12,52,1.8846153846153846,0.0
653,654.0,269.93500000000006,0.0,1.8100000000000003,0.0,0.0,3.0,0.0,True,268.12500000000006,0.0,12,52,1.8846153846153846,0.0
654,655.0,270.56375,0.0,1.8137500000000004,0.0,0.0,3.0,0.0,True,268.75000000000006,0.0,12,52,1.8846153846153846,0.0
655,656.0,277.0687500000001,0.0,1.8187500000000003,0.0,0.0,3.0,0.0,True,275.25000000000006,0.0,12,53,1.8679245283018868,0.0
656,657.0,276.94750000000005,0.0,1.8225000000000005,0.0,0.0,3.0,0.0,True,275.12500000000006,0.0,12,54,1.8518518518518519,0.0
657,658.0,275.6987500000001,0.0,1.8237500000000004,0.0,0.0,3.0,0.0,True,273.87500000000006,0.0,12,54,1.8518518518518519,0.0
658,659.0,275.20250000000004,0.0,1.8275000000000003,0.0,0.0,3.0,0.0,True,273.37500000000006,0.0,12,54,1.8518518518518519,0.0
659,660.0,276.08125000000007,0.0,1.8312500000000003,0.0,0.0,3.0,0.0,True,274.25000000000006,0.0,12,55,1.8545454545454545,0.0
660,661.0,276.21250000000003,0.0,1.8375000000000004,0.0,0.0,3.0,0.0,True,274.37500000000006,0.0,12,55,1.8545454545454545,0.0
661,662.0,274.34875000000005,0.0,1.8487500000000003,0.0,0.0,3.0,0.0,True,272.50000000000006,0.0,12,56,1.8392857142857142,0.0
662,663.0,275.3550000000001,0.0,1.8550000000000004,0.0,0.0,3.0,0.0,True,273.50000000000006,0.0,12,56,1.8392857142857142,0.0
663,664.0,275.61125000000004,0.0,1.8612500000000003,0.0,0.0,3.0,0.0,True,273.75000000000006,0.0,12,56,1.8392857142857142,0.0
664,665.0,273.49000000000007,0.0,1.8650000000000004,0.0,0.0,3.0,0.0,True,271.62500000000006,0.0,12,56,1.8392857142857142,0.0
665,666.0,273.61875000000003,0.0,1.8687500000000004,0.0,0.0,3.0,0.0,True,271.75000000000006,0.0,12,56,1.8392857142857142,0.0
666,667.0,273.99750000000006,0.0,1.8725000000000003,0.0,0.0,3.0,0.0,True,272.12500000000006,0.0,12,56,1.8392857142857142,0.0
667,668.0,272.99875000000003,0.0,1.8737500000000005,0.0,0.0,3.0,0.0,True,271.12500000000006,0.0,12,56,1.8392857142857142,0.0
668,669.0,271.25000000000006,0.0,1.8750000000000004,0.0,0.0,3.0,0.0,True,269.37500000000006,0.0,12,56,1.8392857142857142,0.0
669,670.0,271.75375,0.0,1.8787500000000004,0.0,0.0,3.0,0.0,True,269.87500000000006,0.0,12,56,1.8392857142857142,0.0
670,671.0,273.63500000000005,0.0,1.8850000000000005,0.0,0.0,3.0,0.0,True,271.75000000000006,0.0,12,56,1.8392857142857142,0.0
671,672.0,276.76500000000004,0.0,1.8900000000000003,0.0,0.0,3.0,0.0,True,274.87500000000006,0.0,12,57,1.8421052631578947,0.0
672,673.0,277.39625000000007,0.0,1.8962500000000004,0.0,0.0,3.0,0.0,True,275.50000000000006,0.0,12,57,1.8421052631578947,0.0
673,674.0,282.64625000000007,0.0,1.8962500000000004,0.0,0.0,3.0,0.0,True,280.75000000000006,0.0,12,58,1.8275862068965518,0.0
674,675.0,285.0325,0.0,1.9075000000000004,0.0,0.0,3.0,0.0,True,283.12500000000006,0.0,12,59,1.8135593220338984,0.0
675,676.0,283.78375000000005,0.0,1.9087500000000004,0.0,0.0,3.0,0.0,True,281.87500000000006,0.0,12,59,1.8135593220338984,0.0
676,677.0,283.1650000000001,0.0,1.9150000000000005,0.0,0.0,3.0,0.0,True,281.25000000000006,0.0,12,59,1.8135593220338984,0.0
677,678.0,279.78875000000005,0.0,1.9137500000000003,0.0,0.0,3.0,0.0,True,277.87500000000006,0.0,12,60,1.8166666666666667,0.0
678,679.0,279.7950000000001,0.0,1.9200000000000004,0.0,0.0,3.0,0.0,True,277.87500000000006,0.0,12,61,1.8688524590163935,0.0
679,680.0,279.68125000000003,0.0,1.9312500000000004,0.0,0.0,3.0,0.0,True,277.75000000000006,0.0,12,62,1.8548387096774193,0.0
680,681.0,278.31500000000005,0.0,1.9400000000000004,0.0,0.0,3.0,0.0,True,276.37500000000006,0.0,12,63,1.8412698412698412,0.0
681,682.0,278.8187500000001,0.0,1.9437500000000003,0.0,0.0,3.0,0.0,True,276.87500000000006,0.0,12,63,1.8412698412698412,0.0
682,683.0,278.32250000000005,0.0,1.9475000000000005,0.0,0.0,3.0,0.0,True,276.37500000000006,0.0,12,63,1.8412698412698412,0.0
683,684.0,277.44000000000005,0.0,1.9400000000000004,0.0,0.0,3.0,0.0,True,275.50000000000006,0.0,12,64,1.875,0.0
684,685.0,277.6937500000001,0.0,1.9437500000000003,0.0,0.0,3.0,0.0,True,275.75000000000006,0.0,12,64,1.875,0.0
685,686.0,277.44750000000005,0.0,1.9475000000000005,0.0,0.0,3.0,0.0,True,275.50000000000006,0.0,12,64,1.875,0.0
686,687.0,278.70375000000007,0.0,1.9537500000000003,0.0,0.0,3.0,0.0,True,276.75000000000006,0.0,12,64,1.875,0.0
687,688.0,279.21000000000004,0.0,1.9600000000000004,0.0,0.0,3.0,0.0,True,277.25000000000006,0.0,12,64,1.875,0.0
688,689.0,277.46375000000006,0.0,1.9637500000000003,0.0,0.0,3.0,0.0,True,275.50000000000006,0.0,12,65,1.876923076923077,0.0
689,690.0,277.59250000000003,0.0,1.9675000000000005,0.0,0.0,3.0,0.0,True,275.62500000000006,0.0,12,65,1.876923076923077,0.0
690,691.0,276.09375000000006,0.0,1.9687500000000004,0.0,0.0,3.0,0.0,True,274.12500000000006,0.0,12,65,1.876923076923077,0.0
691,692.0,268.595,0.0,1.9700000000000004,0.0,0.0,3.0,0.0,True,266.62500000000006,0.0,12,66,1.9090909090909092,0.0
692,693.0,269.34875000000005,0.0,1.9737500000000003,0.0,0.0,3.0,0.0,True,267.37500000000006,0.0,12,66,1.9090909090909092,0.0
693,694.0,270.3550000000001,0.0,1.9800000000000004,0.0,0.0,3.0,0.0,True,268.37500000000006,0.0,12,66,1.9090909090909092,0.0
694,695.0,271.61125000000004,0.0,1.9862500000000003,0.0,0.0,3.0,0.0,True,269.62500000000006,0.0,12,66,1.9090909090909092,0.0
695,696.0,271.86500000000007,0.0,1.9900000000000004,0.0,0.0,3.0,0.0,True,269.87500000000006,0.0,12,66,1.9090909090909092,0.0
696,697.0,270.86875000000003,0.0,1.9937500000000004,0.0,0.0,3.0,0.0,True,268.87500000000006,0.0,12,66,1.9090909090909092,0.0
697,698.0,272.75000000000006,0.0,2.0000000000000004,0.0,0.0,3.0,0.0,True,270.75000000000006,0.0,12,66,1.9090909090909092,0.0
698,699.0,280.01500000000004,0.0,2.0150000000000006,0.0,0.0,3.0,0.0,True,278.00000000000006,0.0,12,67,2.014925373134328,0.0
699,700.0,280.89375000000007,0.0,2.0187500000000003,0.0,0.0,3.0,0.0,True,278.87500000000006,0.0,12,67,2.014925373134328,0.0
700,701.0,279.65250000000003,0.0,2.0275000000000003,0.0,0.0,3.0,0.0,True,277.62500000000006,0.0,12,68,2.0,0.0
701,702.0,280.65875000000005,0.0,2.0337500000000004,0.0,0.0,3.0,0.0,True,278.62500000000006,0.0,12,68,2.0,0.0
702,703.0,280.7900000000001,0.0,2.0400000000000005,0.0,0.0,3.0,0.0,True,278.75000000000006,0.0,12,68,2.0,0.0
703,704.0,281.42125000000004,0.0,2.0462500000000006,0.0,0.0,3.0,0.0,True,279.37500000000006,0.0,12,68,2.0,0.0
704,705.0,281.92750000000007,0.0,2.0525,0.0,0.0,3.0,0.0,True,279.87500000000006,0.0,12,68,2.0,0.0
705,706.0,280.41875000000005,0.0,2.04375,0.0,0.0,3.0,0.0,True,278.37500000000006,0.0,12,69,2.0144927536231885,0.0
706,707.0,280.17250000000007,0.0,2.0475000000000003,0.0,0.0,3.0,0.0,True,278.12500000000006,0.0,12,69,2.0144927536231885,0.0
707,708.0,278.42375000000004,0.0,2.0487500000000005,0.0,0.0,3.0,0.0,True,276.37500000000006,0.0,12,70,2.0,0.0
708,709.0,280.80500000000006,0.0,2.0550000000000006,0.0,0.0,3.0,0.0,True,278.75000000000006,0.0,12,70,2.0,0.0
709,710.0,280.93375000000003,0.0,2.0587500000000003,0.0,0.0,3.0,0.0,True,278.87500000000006,0.0,12,70,2.0,0.0
710,711.0,279.43500000000006,0.0,2.0600000000000005,0.0,0.0,3.0,0.0,True,277.37500000000006,0.0,12,70,2.0,0.0
711,712.0,272.68625000000003,0.0,2.0612500000000002,0.0,0.0,3.0,0.0,True,270.62500000000006,0.0,12,71,1.9859154929577465,0.0
712,713.0,271.69000000000005,0.0,2.0650000000000004,0.0,0.0,3.0,0.0,True,269.62500000000006,0.0,12,72,1.9722222222222223,0.0
713,714.0,269.69125,0.0,2.0662500000000006,0.0,0.0,3.0,0.0,True,267.62500000000006,0.0,12,72,1.9722222222222223,0.0
714,715.0,267.44500000000005,0.0,2.0700000000000003,0.0,0.0,3.0,0.0,True,265.37500000000006,0.0,12,73,1.9726027397260273,0.0
715,716.0,270.5762500000001,0.0,2.0762500000000004,0.0,0.0,3.0,0.0,True,268.50000000000006,0.0,12,73,1.9726027397260273,0.0
716,717.0,270.58250000000004,0.0,2.0825000000000005,0.0,0.0,3.0,0.0,True,268.50000000000006,0.0,12,73,1.9726027397260273,0.0
717,718.0,269.83375000000007,0.0,2.08375,0.0,0.0,3.0,0.0,True,267.75000000000006,0.0,12,73,1.9726027397260273,0.0
718,719.0,270.09000000000003,0.0,2.0900000000000003,0.0,0.0,3.0,0.0,True,268.00000000000006,0.0,12,73,1.9726027397260273,0.0
719,720.0,268.84125000000006,0.0,2.0912500000000005,0.0,0.0,3.0,0.0,True,266.75000000000006,0.0,12,73,1.9726027397260273,0.0
720,721.0,270.0975,0.0,2.0975000000000006,0.0,0.0,3.0,0.0,True,268.00000000000006,0.0,12,73,1.9726027397260273,0.0
721,722.0,271.10375000000005,0.0,2.1037500000000002,0.0,0.0,3.0,0.0,True,269.00000000000006,0.0,12,73,1.9726027397260273,0.0
722,723.0,269.6050000000001,0.0,2.1050000000000004,0.0,0.0,3.0,0.0,True,267.50000000000006,0.0,12,73,1.9726027397260273,0.0
723,724.0,270.84250000000003,0.0,2.0925000000000002,0.0,0.0,3.0,0.0,True,268.75000000000006,0.0,12,74,2.081081081081081,0.0
724,725.0,272.09875000000005,0.0,2.0987500000000003,0.0,0.0,3.0,0.0,True,270.00000000000006,0.0,12,74,2.081081081081081,0.0
725,726.0,270.7250000000001,0.0,2.1000000000000005,0.0,0.0,3.0,0.0,True,268.62500000000006,0.0,12,74,2.081081081081081,0.0
726,727.0,271.48125000000005,0.0,2.1062500000000006,0.0,0.0,3.0,0.0,True,269.37500000000006,0.0,12,74,2.081081081081081,0.0
727,728.0,272.98750000000007,0.0,2.1125000000000003,0.0,0.0,3.0,0.0,True,270.87500000000006,0.0,12,74,2.081081081081081,0.0
728,729.0,269.33000000000004,0.0,2.0800000000000005,0.0,0.0,3.0,0.0,True,267.25000000000006,0.0,16,75,2.2666666666666666,0.0
729,730.0,274.34375000000006,0.0,2.0937500000000004,0.0,0.0,3.0,0.0,True,272.25000000000006,0.0,16,76,2.3026315789473686,0.0
730,731.0,276.095,0.0,2.095,0.0,0.0,3.0,0.0,True,274.00000000000006,0.0,16,77,2.311688311688312,0.0
731,732.0,275.4750000000001,0.0,2.1000000000000005,0.0,0.0,3.0,0.0,True,273.37500000000006,0.0,16,78,2.3076923076923075,0.0
732,733.0,273.85375000000005,0.0,2.1037500000000002,0.0,0.0,3.0,0.0,True,271.75000000000006,0.0,16,78,2.3076923076923075,0.0
733,734.0,274.11000000000007,0.0,2.1100000000000003,0.0,0.0,3.0,0.0,True,272.00000000000006,0.0,16,78,2.3076923076923075,0.0
734,735.0,275.48500000000007,0.0,2.1100000000000003,0.0,0.0,3.0,0.0,True,273.37500000000006,0.0,16,79,2.2911392405063293,0.0
735,736.0,273.61125000000004,0.0,2.1112500000000005,0.0,0.0,3.0,0.0,True,271.50000000000006,0.0,16,79,2.2911392405063293,0.0
736,737.0,274.74250000000006,0.0,2.1175000000000006,0.0,0.0,3.0,0.0,True,272.62500000000006,0.0,16,79,2.2911392405063293,0.0
737,738.0,273.49875000000003,0.0,2.1237500000000002,0.0,0.0,3.0,0.0,True,271.37500000000006,0.0,16,80,2.375,0.0
738,739.0,272.51000000000005,0.0,2.1350000000000002,0.0,0.0,3.0,0.0,True,270.37500000000006,0.0,16,81,2.3580246913580245,0.0
739,740.0,271.2612500000001,0.0,2.1362500000000004,0.0,0.0,3.0,0.0,True,269.12500000000006,0.0,16,81,2.3580246913580245,0.0
740,741.0,271.01250000000005,0.0,2.1375000000000006,0.0,0.0,3.0,0.0,True,268.87500000000006,0.0,16,81,2.3580246913580245,0.0
741,742.0,274.02625000000006,0.0,2.1512500000000006,0.0,0.0,3.0,0.0,True,271.87500000000006,0.0,16,82,2.4634146341463414,0.0
742,743.0,269.88750000000005,0.0,2.1375000000000006,0.0,0.0,3.0,0.0,True,267.75000000000006,0.0,16,83,2.4819277108433737,0.0
743,744.0,268.7637500000001,0.0,2.1387500000000004,0.0,0.0,3.0,0.0,True,266.62500000000006,0.0,16,83,2.4819277108433737,0.0
744,745.0,270.77000000000004,0.0,2.1450000000000005,0.0,0.0,3.0,0.0,True,268.62500000000006,0.0,16,84,2.4761904761904763,0.0
745,746.0,271.52375000000006,0.0,2.1487500000000006,0.0,0.0,3.0,0.0,True,269.37500000000006,0.0,16,85,2.4823529411764707,0.0
746,747.0,271.28000000000003,0.0,2.1550000000000002,0.0,0.0,3.0,0.0,True,269.12500000000006,0.0,16,85,2.4823529411764707,0.0
747,748.0,272.78625000000005,0.0,2.1612500000000003,0.0,0.0,3.0,0.0,True,270.62500000000006,0.0,16,85,2.4823529411764707,0.0
748,749.0,271.7900000000001,0.0,2.1650000000000005,0.0,0.0,3.0,0.0,True,269.62500000000006,0.0,16,85,2.4823529411764707,0.0
749,750.0,271.54625000000004,0.0,2.1712500000000006,0.0,0.0,3.0,0.0,True,269.37500000000006,0.0,16,85,2.4823529411764707,0.0
750,751.0,268.0450000000001,0.0,2.1700000000000004,0.0,0.0,3.0,0.0,True,265.87500000000006,0.0,16,86,2.4767441860465116,0.0
751,752.0,266.54625000000004,0.0,2.1712500000000006,0.0,0.0,3.0,0.0,True,264.37500000000006,0.0,16,86,2.4767441860465116,0.0
752,753.0,268.55250000000007,0.0,2.1775,0.0,0.0,3.0,0.0,True,266.37500000000006,0.0,16,86,2.4767441860465116,0.0
753,754.0,270.93375000000003,0.0,2.1837500000000003,0.0,0.0,3.0,0.0,True,268.75000000000006,0.0,16,86,2.4767441860465116,0.0
754,755.0,269.06250000000006,0.0,2.1875000000000004,0.0,0.0,3.0,0.0,True,266.87500000000006,0.0,16,86,2.4767441860465116,0.0
755,756.0,269.31625,0.0,2.1912500000000006,0.0,0.0,3.0,0.0,True,267.12500000000006,0.0,16,87,2.471264367816092,0.0
756,757.0,269.20000000000005,0.0,2.2000000000000006,0.0,0.0,3.0,0.0,True,267.00000000000006,0.0,16,88,2.5,0.0
757,758.0,266.70625000000007,0.0,2.2062500000000003,0.0,0.0,3.0,0.0,True,264.50000000000006,0.0,16,89,2.4831460674157304,0.0
758,759.0,266.71000000000004,0.0,2.2100000000000004,0.0,0.0,3.0,0.0,True,264.50000000000006,0.0,16,89,2.4831460674157304,0.0
759,760.0,266.46375000000006,0.0,2.2137500000000006,0.0,0.0,3.0,0.0,True,264.25000000000006,0.0,16,89,2.4831460674157304,0.0
760,761.0,264.84000000000003,0.0,2.2150000000000003,0.0,0.0,3.0,0.0,True,262.62500000000006,0.0,16,89,2.4831460674157304,0.0
761,762.0,264.59375000000006,0.0,2.2187500000000004,0.0,0.0,3.0,0.0,True,262.37500000000006,0.0,16,89,2.4831460674157304,0.0
762,763.0,263.8475,0.0,2.2225000000000006,0.0,0.0,3.0,0.0,True,261.62500000000006,0.0,16,89,2.4831460674157304,0.0
763,764.0,263.60125000000005,0.0,2.2262500000000003,0.0,0.0,3.0,0.0,True,261.37500000000006,0.0,16,89,2.4831460674157304,0.0
764,765.0,261.9800000000001,0.0,2.2300000000000004,0.0,0.0,3.0,0.0,True,259.75000000000006,0.0,16,89,2.4831460674157304,0.0
765,766.0,260.10875000000004,0.0,2.2337500000000006,0.0,0.0,3.0,0.0,True,257.87500000000006,0.0,16,89,2.4831460674157304,0.0
766,767.0,261.74000000000007,0.0,2.24,0.0,0.0,3.0,0.0,True,259.50000000000006,0.0,16,89,2.4831460674157304,0.0
767,768.0,263.36125000000004,0.0,2.2362500000000005,0.0,0.0,3.0,0.0,True,261.12500000000006,0.0,16,90,2.477777777777778,0.0
768,769.0,266.24250000000006,0.0,2.2425000000000006,0.0,0.0,3.0,0.0,True,264.00000000000006,0.0,16,90,2.477777777777778,0.0
769,770.0,266.37375000000003,0.0,2.2487500000000002,0.0,0.0,3.0,0.0,True,264.12500000000006,0.0,16,90,2.477777777777778,0.0
770,771.0,267.38000000000005,0.0,2.2550000000000003,0.0,0.0,3.0,0.0,True,265.12500000000006,0.0,16,90,2.477777777777778,0.0
771,772.0,271.38000000000005,0.0,2.2550000000000003,0.0,0.0,3.0,0.0,True,269.12500000000006,0.0,16,91,2.4615384615384617,0.0
772,773.0,271.3862500000001,0.0,2.2612500000000004,0.0,0.0,3.0,0.0,True,269.12500000000006,0.0,16,91,2.4615384615384617,0.0
773,774.0,272.39250000000004,0.0,2.2675000000000005,0.0,0.0,3.0,0.0,True,270.12500000000006,0.0,16,91,2.4615384615384617,0.0
774,775.0,273.39875000000006,0.0,2.2737500000000006,0.0,0.0,3.0,0.0,True,271.12500000000006,0.0,16,92,2.5434782608695654,0.0
775,776.0,273.15500000000003,0.0,2.2800000000000002,0.0,0.0,3.0,0.0,True,270.87500000000006,0.0,16,92,2.5434782608695654,0.0
776,777.0,272.90875000000005,0.0,2.2837500000000004,0.0,0.0,3.0,0.0,True,270.62500000000006,0.0,16,92,2.5434782608695654,0.0
777,778.0,279.4175000000001,0.0,2.2925000000000004,0.0,0.0,3.0,0.0,True,277.12500000000006,0.0,16,93,2.5483870967741935,0.0
778,779.0,282.78125000000006,0.0,2.2812500000000004,0.0,0.0,3.0,0.0,True,280.50000000000006,0.0,16,94,2.627659574468085,0.0
779,780.0,283.5375000000001,0.0,2.2875000000000005,0.0,0.0,3.0,0.0,True,281.25000000000006,0.0,16,94,2.627659574468085,0.0
780,781.0,281.78875000000005,0.0,2.2887500000000003,0.0,0.0,3.0,0.0,True,279.50000000000006,0.0,16,94,2.627659574468085,0.0
781,782.0,279.9175000000001,0.0,2.2925000000000004,0.0,0.0,3.0,0.0,True,277.62500000000006,0.0,16,94,2.627659574468085,0.0
782,783.0,277.15875000000005,0.0,2.2837500000000004,0.0,0.0,3.0,0.0,True,274.87500000000006,0.0,16,95,2.6315789473684212,0.0
783,784.0,283.6600000000001,0.0,2.2850000000000006,0.0,0.0,3.0,0.0,True,281.37500000000006,0.0,16,96,2.71875,0.0
784,785.0,284.91375000000005,0.0,2.2887500000000003,0.0,0.0,3.0,0.0,True,282.62500000000006,0.0,16,96,2.71875,0.0
785,786.0,287.7950000000001,0.0,2.2950000000000004,0.0,0.0,3.0,0.0,True,285.50000000000006,0.0,16,96,2.71875,0.0
786,787.0,287.29875000000004,0.0,2.2987500000000005,0.0,0.0,3.0,0.0,True,285.00000000000006,0.0,16,96,2.71875,0.0
787,788.0,283.42500000000007,0.0,2.3000000000000003,0.0,0.0,3.0,0.0,True,281.12500000000006,0.0,16,96,2.71875,0.0
788,789.0,284.55625000000003,0.0,2.3062500000000004,0.0,0.0,3.0,0.0,True,282.25000000000006,0.0,16,96,2.71875,0.0
789,790.0,282.67250000000007,0.0,2.2975000000000003,0.0,0.0,3.0,0.0,True,280.37500000000006,0.0,27,97,2.9690721649484537,0.0
790,791.0,278.66875000000005,0.0,2.2937500000000006,0.0,0.0,3.0,0.0,True,276.37500000000006,0.0,27,98,3.0,0.0
791,792.0,278.42250000000007,0.0,2.2975000000000003,0.0,0.0,3.0,0.0,True,276.12500000000006,0.0,27,98,3.0,0.0
792,793.0,278.17875000000004,0.0,2.3037500000000004,0.0,0.0,3.0,0.0,True,275.87500000000006,0.0,27,98,3.0,0.0
793,794.0,277.68250000000006,0.0,2.3075000000000006,0.0,0.0,3.0,0.0,True,275.37500000000006,0.0,27,98,3.0,0.0
794,795.0,276.93625000000003,0.0,2.3112500000000002,0.0,0.0,3.0,0.0,True,274.62500000000006,0.0,27,98,3.0,0.0
795,796.0,270.68250000000006,0.0,2.3075000000000006,0.0,0.0,3.0,0.0,True,268.37500000000006,0.0,27,99,3.0303030303030303,0.0
796,797.0,270.06375,0.0,2.3137500000000006,0.0,0.0,3.0,0.0,True,267.75000000000006,0.0,27,99,3.0303030303030303,0.0
797,798.0,272.94500000000005,0.0,2.3200000000000003,0.0,0.0,3.0,0.0,True,270.62500000000006,0.0,27,99,3.0303030303030303,0.0
798,799.0,272.0762500000001,0.0,2.3262500000000004,0.0,0.0,3.0,0.0,True,269.75000000000006,0.0,27,99,3.0303030303030303,0.0
799,800.0,277.17375000000004,0.0,2.2987500000000005,0.0,0.0,3.0,0.0,True,274.87500000000006,0.0,35,100,3.35,0.0
800,801.0,275.67500000000007,0.0,2.3000000000000003,0.0,0.0,3.0,0.0,True,273.37500000000006,0.0,35,100,3.35,0.0
801,802.0,275.80375000000004,0.0,2.3037500000000004,0.0,0.0,3.0,0.0,True,273.50000000000006,0.0,35,100,3.35,0.0
802,803.0,276.06000000000006,0.0,2.3100000000000005,0.0,0.0,3.0,0.0,True,273.75000000000006,0.0,35,100,3.35,0.0
803,804.0,276.8162500000001,0.0,2.3162500000000006,0.0,0.0,3.0,0.0,True,274.50000000000006,0.0,35,100,3.35,0.0
804,805.0,275.31750000000005,0.0,2.3175000000000003,0.0,0.0,3.0,0.0,True,273.00000000000006,0.0,35,100,3.35,0.0
805,806.0,276.5737500000001,0.0,2.3237500000000004,0.0,0.0,3.0,0.0,True,274.25000000000006,0.0,35,100,3.35,0.0
806,807.0,275.57750000000004,0.0,2.3275000000000006,0.0,0.0,3.0,0.0,True,273.25000000000006,0.0,35,100,3.35,0.0
807,808.0,277.70875000000007,0.0,2.3337500000000007,0.0,0.0,3.0,0.0,True,275.37500000000006,0.0,35,100,3.35,0.0
808,809.0,278.46500000000003,0.0,2.3400000000000003,0.0,0.0,3.0,0.0,True,276.12500000000006,0.0,35,100,3.35,0.0
809,810.0,274.46125000000006,0.0,2.3362500000000006,0.0,0.0,3.0,0.0,True,272.12500000000006,0.0,35,101,3.4653465346534653,0.0
810,811.0,275.21750000000003,0.0,2.3425000000000002,0.0,0.0,3.0,0.0,True,272.87500000000006,0.0,35,101,3.4653465346534653,0.0
811,812.0,275.97375000000005,0.0,2.3487500000000003,0.0,0.0,3.0,0.0,True,273.62500000000006,0.0,35,101,3.4653465346534653,0.0
812,813.0,265.46250000000003,0.0,2.3375000000000004,0.0,0.0,3.0,0.0,True,263.12500000000006,0.0,35,102,3.4901960784313726,0.0
813,814.0,265.96875000000006,0.0,2.3437500000000004,0.0,0.0,3.0,0.0,True,263.62500000000006,0.0,35,102,3.4901960784313726,0.0
814,815.0,266.4750000000001,0.0,2.3500000000000005,0.0,0.0,3.0,0.0,True,264.12500000000006,0.0,35,102,3.4901960784313726,0.0
815,816.0,266.98125000000005,0.0,2.3562500000000006,0.0,0.0,3.0,0.0,True,264.62500000000006,0.0,35,102,3.4901960784313726,0.0
816,817.0,266.73500000000007,0.0,2.3600000000000003,0.0,0.0,3.0,0.0,True,264.37500000000006,0.0,35,102,3.4901960784313726,0.0
817,818.0,271.24375000000003,0.0,2.3687500000000004,0.0,0.0,3.0,0.0,True,268.87500000000006,0.0,35,103,3.466019417475728,0.0
818,819.0,269.74750000000006,0.0,2.3725000000000005,0.0,0.0,3.0,0.0,True,267.37500000000006,0.0,35,103,3.466019417475728,0.0
819,820.0,269.2562500000001,0.0,2.3812500000000005,0.0,0.0,3.0,0.0,True,266.87500000000006,0.0,35,104,3.5288461538461537,0.0
820,821.0,262.74375000000003,0.0,2.3687500000000004,0.0,0.0,3.0,0.0,True,260.37500000000006,0.0,75,105,4.20952380952381,0.0
821,822.0,263.37500000000006,0.0,2.3750000000000004,0.0,0.0,3.0,0.0,True,261.00000000000006,0.0,75,105,4.20952380952381,0.0
822,823.0,263.12875,0.0,2.3787500000000006,0.0,0.0,3.0,0.0,True,260.75000000000006,0.0,75,105,4.20952380952381,0.0
823,824.0,263.63500000000005,0.0,2.3850000000000007,0.0,0.0,3.0,0.0,True,261.25000000000006,0.0,75,105,4.20952380952381,0.0
824,825.0,262.6387500000001,0.0,2.3887500000000004,0.0,0.0,3.0,0.0,True,260.25000000000006,0.0,75,105,4.20952380952381,0.0
825,826.0,263.14250000000004,0.0,2.3925000000000005,0.0,0.0,3.0,0.0,True,260.75000000000006,0.0,75,105,4.20952380952381,0.0
826,827.0,263.89875000000006,0.0,2.3987500000000006,0.0,0.0,3.0,0.0,True,261.50000000000006,0.0,75,105,4.20952380952381,0.0
827,828.0,262.90250000000003,0.0,2.4025000000000003,0.0,0.0,3.0,0.0,True,260.50000000000006,0.0,75,105,4.20952380952381,0.0
828,829.0,265.03125000000006,0.0,2.4062500000000004,0.0,0.0,3.0,0.0,True,262.62500000000006,0.0,75,105,4.20952380952381,0.0
829,830.0,265.16,0.0,2.4100000000000006,0.0,0.0,3.0,0.0,True,262.75000000000006,0.0,75,105,4.20952380952381,0.0
830,831.0,273.42125000000004,0.0,2.4212500000000006,0.0,0.0,3.0,0.0,True,271.00000000000006,0.0,75,106,4.19811320754717,0.0
831,832.0,271.92250000000007,0.0,2.4225000000000003,0.0,0.0,3.0,0.0,True,269.50000000000006,0.0,75,106,4.19811320754717,0.0
832,833.0,272.42875000000004,0.0,2.4287500000000004,0.0,0.0,3.0,0.0,True,270.00000000000006,0.0,75,106,4.19811320754717,0.0
833,834.0,272.05750000000006,0.0,2.4325000000000006,0.0,0.0,3.0,0.0,True,269.62500000000006,0.0,75,106,4.19811320754717,0.0
834,835.0,270.80875000000003,0.0,2.4337500000000003,0.0,0.0,3.0,0.0,True,268.37500000000006,0.0,75,106,4.19811320754717,0.0
835,836.0,271.81500000000005,0.0,2.4400000000000004,0.0,0.0,3.0,0.0,True,269.37500000000006,0.0,75,106,4.19811320754717,0.0
836,837.0,269.3187500000001,0.0,2.4437500000000005,0.0,0.0,3.0,0.0,True,266.87500000000006,0.0,75,106,4.19811320754717,0.0
837,838.0,271.32500000000005,0.0,2.4500000000000006,0.0,0.0,3.0,0.0,True,268.87500000000006,0.0,75,106,4.19811320754717,0.0
838,839.0,270.33125000000007,0.0,2.4562500000000003,0.0,0.0,3.0,0.0,True,267.87500000000006,0.0,75,107,4.168224299065421,0.0
839,840.0,272.71500000000003,0.0,2.4650000000000003,0.0,0.0,3.0,0.0,True,270.25000000000006,0.0,75,108,4.268518518518518,0.0
840,841.0,271.34375000000006,0.0,2.4687500000000004,0.0,0.0,3.0,0.0,True,268.87500000000006,0.0,75,108,4.268518518518518,0.0
841,842.0,257.91125000000005,0.0,2.4112500000000003,0.0,0.0,3.0,0.0,True,255.50000000000006,0.0,85,109,5.009174311926605,0.0
842,843.0,258.4175000000001,0.0,2.4175000000000004,0.0,0.0,3.0,0.0,True,256.00000000000006,0.0,85,109,5.009174311926605,0.0
843,844.0,260.04875000000004,0.0,2.4237500000000005,0.0,0.0,3.0,0.0,True,257.62500000000006,0.0,85,109,5.009174311926605,0.0
844,845.0,260.80500000000006,0.0,2.4300000000000006,0.0,0.0,3.0,0.0,True,258.37500000000006,0.0,85,109,5.009174311926605,0.0
845,846.0,260.55875000000003,0.0,2.4337500000000003,0.0,0.0,3.0,0.0,True,258.12500000000006,0.0,85,109,5.009174311926605,0.0
846,847.0,261.94000000000005,0.0,2.4400000000000004,0.0,0.0,3.0,0.0,True,259.50000000000006,0.0,85,109,5.009174311926605,0.0
847,848.0,261.9462500000001,0.0,2.4462500000000005,0.0,0.0,3.0,0.0,True,259.50000000000006,0.0,85,109,5.009174311926605,0.0
848,849.0,266.96250000000003,0.0,2.4625000000000004,0.0,0.0,3.0,0.0,True,264.50000000000006,0.0,85,110,4.9818181818181815,0.0
849,850.0,267.46875000000006,0.0,2.4687500000000004,0.0,0.0,3.0,0.0,True,265.00000000000006,0.0,85,110,4.9818181818181815,0.0
850,851.0,265.72,0.0,2.4700000000000006,0.0,0.0,3.0,0.0,True,263.25000000000006,0.0,85,110,4.9818181818181815,0.0
851,852.0,267.5975,0.0,2.4725000000000006,0.0,0.0,3.0,0.0,True,265.12500000000006,0.0,85,111,4.945945945945946,0.0
852,853.0,266.70500000000004,0.0,2.4550000000000005,0.0,0.0,3.0,0.0,True,264.25000000000006,0.0,85,112,4.9375,0.0
853,854.0,264.58125000000007,0.0,2.4562500000000003,0.0,0.0,3.0,0.0,True,262.12500000000006,0.0,85,112,4.9375,0.0
854,855.0,265.46250000000003,0.0,2.4625000000000004,0.0,0.0,3.0,0.0,True,263.00000000000006,0.0,85,112,4.9375,0.0
855,856.0,267.47875000000005,0.0,2.4787500000000007,0.0,0.0,3.0,0.0,True,265.00000000000006,0.0,85,113,4.95575221238938,0.0
856,857.0,264.6050000000001,0.0,2.4800000000000004,0.0,0.0,3.0,0.0,True,262.12500000000006,0.0,85,113,4.95575221238938,0.0
857,858.0,263.31375,0.0,2.4387500000000006,0.0,0.0,3.0,0.0,True,260.87500000000006,0.0,125,114,6.008771929824562,0.0
858,859.0,265.56750000000005,0.0,2.4425000000000003,0.0,0.0,3.0,0.0,True,263.12500000000006,0.0,125,114,6.008771929824562,0.0
859,860.0,265.3237500000001,0.0,2.4487500000000004,0.0,0.0,3.0,0.0,True,262.87500000000006,0.0,125,114,6.008771929824562,0.0
860,861.0,267.70500000000004,0.0,2.4550000000000005,0.0,0.0,3.0,0.0,True,265.25000000000006,0.0,125,114,6.008771929824562,0.0
861,862.0,266.83625000000006,0.0,2.4612500000000006,0.0,0.0,3.0,0.0,True,264.37500000000006,0.0,125,114,6.008771929824562,0.0
862,863.0,267.84250000000003,0.0,2.4675000000000007,0.0,0.0,3.0,0.0,True,265.37500000000006,0.0,125,114,6.008771929824562,0.0
863,864.0,266.09375000000006,0.0,2.4687500000000004,0.0,0.0,3.0,0.0,True,263.62500000000006,0.0,125,114,6.008771929824562,0.0
864,865.0,265.0975,0.0,2.4725000000000006,0.0,0.0,3.0,0.0,True,262.62500000000006,0.0,125,115,5.973913043478261,0.0
865,866.0,266.35375000000005,0.0,2.4787500000000007,0.0,0.0,3.0,0.0,True,263.87500000000006,0.0,125,115,5.973913043478261,0.0
866,867.0,264.6050000000001,0.0,2.4800000000000004,0.0,0.0,3.0,0.0,True,262.12500000000006,0.0,125,115,5.973913043478261,0.0
867,868.0,284.98375000000004,0.0,2.4837500000000006,0.0,0.0,3.0,0.0,True,282.50000000000006,0.0,125,116,6.5344827586206895,0.0
868,869.0,282.1025000000001,0.0,2.4775000000000005,0.0,0.0,3.0,0.0,True,279.62500000000006,0.0,125,117,6.495726495726496,0.0
869,870.0,281.35625000000005,0.0,2.4812500000000006,0.0,0.0,3.0,0.0,True,278.87500000000006,0.0,125,117,6.495726495726496,0.0
870,871.0,280.86000000000007,0.0,2.4850000000000003,0.0,0.0,3.0,0.0,True,278.37500000000006,0.0,125,117,6.495726495726496,0.0
871,872.0,277.73625000000004,0.0,2.4862500000000005,0.0,0.0,3.0,0.0,True,275.25000000000006,0.0,125,117,6.495726495726496,0.0
872,873.0,276.99000000000007,0.0,2.4900000000000007,0.0,0.0,3.0,0.0,True,274.50000000000006,0.0,125,117,6.495726495726496,0.0
873,874.0,265.74375000000003,0.0,2.4937500000000004,0.0,0.0,3.0,0.0,True,263.25000000000006,0.0,125,118,6.694915254237288,0.0
874,875.0,264.24500000000006,0.0,2.4950000000000006,0.0,0.0,3.0,0.0,True,261.75000000000006,0.0,125,118,6.694915254237288,0.0
875,876.0,265.37625,0.0,2.5012500000000006,0.0,0.0,3.0,0.0,True,262.87500000000006,0.0,125,118,6.694915254237288,0.0
876,877.0,264.12750000000005,0.0,2.5025000000000004,0.0,0.0,3.0,0.0,True,261.62500000000006,0.0,125,118,6.694915254237288,0.0
877,878.0,265.3837500000001,0.0,2.5087500000000005,0.0,0.0,3.0,0.0,True,262.87500000000006,0.0,125,118,6.694915254237288,0.0
878,879.0,260.88500000000005,0.0,2.5100000000000007,0.0,0.0,3.0,0.0,True,258.37500000000006,0.0,125,118,6.694915254237288,0.0
879,880.0,259.6387500000001,0.0,2.5137500000000004,0.0,0.0,3.0,0.0,True,257.12500000000006,0.0,125,118,6.694915254237288,0.0
880,881.0,260.76750000000004,0.0,2.5175000000000005,0.0,0.0,3.0,0.0,True,258.25000000000006,0.0,125,118,6.694915254237288,0.0
881,882.0,264.02625000000006,0.0,2.5262500000000006,0.0,0.0,3.0,0.0,True,261.50000000000006,0.0,125,119,6.689075630252101,0.0
882,883.0,263.03000000000003,0.0,2.5300000000000007,0.0,0.0,3.0,0.0,True,260.50000000000006,0.0,125,119,6.689075630252101,0.0
883,884.0,261.78125000000006,0.0,2.5312500000000004,0.0,0.0,3.0,0.0,True,259.25000000000006,0.0,125,119,6.689075630252101,0.0
884,885.0,258.1575,0.0,2.5325000000000006,0.0,0.0,3.0,0.0,True,255.62500000000006,0.0,125,119,6.689075630252101,0.0
885,886.0,274.68125000000003,0.0,2.5562500000000004,0.0,0.0,3.0,0.0,True,272.12500000000006,0.0,125,120,7.083333333333333,0.0
886,887.0,270.06000000000006,0.0,2.5600000000000005,0.0,0.0,3.0,0.0,True,267.50000000000006,0.0,125,121,7.066115702479339,0.0
887,888.0,270.81625,0.0,2.5662500000000006,0.0,0.0,3.0,0.0,True,268.25000000000006,0.0,125,121,7.066115702479339,0.0
888,889.0,255.06250000000006,0.0,2.5625000000000004,0.0,0.0,3.0,0.0,True,252.50000000000006,0.0,125,122,7.360655737704918,0.0
889,890.0,255.06625000000005,0.0,2.5662500000000006,0.0,0.0,3.0,0.0,True,252.50000000000006,0.0,125,122,7.360655737704918,0.0
890,891.0,260.20250000000004,0.0,2.5775000000000006,0.0,0.0,3.0,0.0,True,257.62500000000006,0.0,125,123,7.373983739837398,0.0
891,892.0,259.45625000000007,0.0,2.5812500000000007,0.0,0.0,3.0,0.0,True,256.87500000000006,0.0,125,123,7.373983739837398,0.0
892,893.0,260.21250000000003,0.0,2.5875000000000004,0.0,0.0,3.0,0.0,True,257.62500000000006,0.0,125,123,7.373983739837398,0.0
893,894.0,259.46625000000006,0.0,2.5912500000000005,0.0,0.0,3.0,0.0,True,256.87500000000006,0.0,125,123,7.373983739837398,0.0
894,895.0,261.41875000000005,0.0,2.5437500000000006,0.0,0.0,3.0,0.0,True,258.87500000000006,0.0,175,124,8.725806451612904,0.0
895,896.0,260.1700000000001,0.0,2.5450000000000004,0.0,0.0,3.0,0.0,True,257.62500000000006,0.0,175,124,8.725806451612904,0.0
896,897.0,256.92125000000004,0.0,2.5462500000000006,0.0,0.0,3.0,0.0,True,254.37500000000006,0.0,175,125,8.736,0.0
897,898.0,271.6625000000001,0.0,2.5375000000000005,0.0,0.0,3.0,0.0,True,269.12500000000006,0.0,175,126,9.452380952380953,0.0
898,899.0,270.78875000000005,0.0,2.5387500000000003,0.0,0.0,3.0,0.0,True,268.25000000000006,0.0,175,126,9.452380952380953,0.0
899,900.0,272.14750000000004,0.0,2.5225000000000004,0.0,0.0,3.0,0.0,True,269.62500000000006,0.0,175,127,9.559055118110237,0.0
900,901.0,270.77625000000006,0.0,2.5262500000000006,0.0,0.0,3.0,0.0,True,268.25000000000006,0.0,175,127,9.559055118110237,0.0
901,902.0,269.27750000000003,0.0,2.5275000000000003,0.0,0.0,3.0,0.0,True,266.75000000000006,0.0,175,127,9.559055118110237,0.0
902,903.0,270.15875000000005,0.0,2.5337500000000004,0.0,0.0,3.0,0.0,True,267.62500000000006,0.0,175,127,9.559055118110237,0.0
903,904.0,267.285,0.0,2.5350000000000006,0.0,0.0,3.0,0.0,True,264.75000000000006,0.0,175,127,9.559055118110237,0.0
904,905.0,267.03875000000005,0.0,2.5387500000000003,0.0,0.0,3.0,0.0,True,264.50000000000006,0.0,175,127,9.559055118110237,0.0
905,906.0,265.42250000000007,0.0,2.5475000000000003,0.0,0.0,3.0,0.0,True,262.87500000000006,0.0,175,128,9.4921875,0.0
906,907.0,265.05125000000004,0.0,2.5512500000000005,0.0,0.0,3.0,0.0,True,262.50000000000006,0.0,175,128,9.4921875,0.0
907,908.0,263.93000000000006,0.0,2.5550000000000006,0.0,0.0,3.0,0.0,True,261.37500000000006,0.0,175,128,9.4921875,0.0
908,909.0,262.93375000000003,0.0,2.5587500000000003,0.0,0.0,3.0,0.0,True,260.37500000000006,0.0,175,128,9.4921875,0.0
909,910.0,263.44000000000005,0.0,2.5650000000000004,0.0,0.0,3.0,0.0,True,260.87500000000006,0.0,175,128,9.4921875,0.0
910,911.0,261.69125,0.0,2.5662500000000006,0.0,0.0,3.0,0.0,True,259.12500000000006,0.0,175,128,9.4921875,0.0
911,912.0,260.57000000000005,0.0,2.5700000000000003,0.0,0.0,3.0,0.0,True,258.00000000000006,0.0,175,128,9.4921875,0.0
912,913.0,264.55625000000003,0.0,2.5562500000000004,0.0,0.0,3.0,0.0,True,262.00000000000006,0.0,175,129,9.806201550387597,0.0
913,914.0,263.81000000000006,0.0,2.5600000000000005,0.0,0.0,3.0,0.0,True,261.25000000000006,0.0,175,129,9.806201550387597,0.0
914,915.0,264.56625,0.0,2.5662500000000006,0.0,0.0,3.0,0.0,True,262.00000000000006,0.0,175,129,9.806201550387597,0.0
915,916.0,260.68500000000006,0.0,2.5600000000000005,0.0,0.0,3.0,0.0,True,258.12500000000006,0.0,175,130,9.876923076923077,0.0
916,917.0,248.28250000000006,0.0,2.5325000000000006,0.0,0.0,3.0,0.0,True,245.75000000000006,0.0,175,131,10.564885496183207,0.0
917,918.0,246.41125000000005,0.0,2.5362500000000003,0.0,0.0,3.0,0.0,True,243.87500000000006,0.0,175,131,10.564885496183207,0.0
918,919.0,248.79250000000005,0.0,2.5425000000000004,0.0,0.0,3.0,0.0,True,246.25000000000006,0.0,175,132,10.5,0.0
919,920.0,242.91125000000005,0.0,2.5362500000000003,0.0,0.0,3.0,0.0,True,240.37500000000006,0.0,175,133,10.436090225563909,0.0
920,921.0,248.53375000000005,0.0,2.5337500000000004,0.0,0.0,3.0,0.0,True,246.00000000000006,0.0,175,134,11.08955223880597,0.0
921,922.0,249.29000000000005,0.0,2.5400000000000005,0.0,0.0,3.0,0.0,True,246.75000000000006,0.0,175,134,11.08955223880597,0.0
922,923.0,244.90625000000006,0.0,2.5312500000000004,0.0,0.0,3.0,0.0,True,242.37500000000006,0.0,175,135,11.059259259259258,0.0
923,924.0,244.78750000000005,0.0,2.5375000000000005,0.0,0.0,3.0,0.0,True,242.25000000000006,0.0,175,135,11.059259259259258,0.0
924,925.0,242.28875000000005,0.0,2.5387500000000003,0.0,0.0,3.0,0.0,True,239.75000000000006,0.0,175,135,11.059259259259258,0.0
925,926.0,241.78750000000005,0.0,2.5375000000000005,0.0,0.0,3.0,0.0,True,239.25000000000006,0.0,175,136,11.029411764705882,0.0
926,927.0,241.79375000000005,0.0,2.5437500000000006,0.0,0.0,3.0,0.0,True,239.25000000000006,0.0,175,136,11.029411764705882,0.0
927,928.0,241.55000000000004,0.0,2.5500000000000007,0.0,0.0,3.0,0.0,True,239.00000000000006,0.0,175,136,11.029411764705882,0.0
928,929.0,242.05625000000003,0.0,2.5562500000000004,0.0,0.0,3.0,0.0,True,239.50000000000006,0.0,175,136,11.029411764705882,0.0
929,930.0,243.06250000000006,0.0,2.5625000000000004,0.0,0.0,3.0,0.0,True,240.50000000000006,0.0,175,136,11.029411764705882,0.0
930,931.0,259.77500000000003,0.0,2.5250000000000004,0.0,0.0,3.0,0.0,True,257.25000000000006,0.0,224,137,12.583941605839415,0.0
931,932.0,254.90875000000005,0.0,2.5337500000000004,0.0,0.0,3.0,0.0,True,252.37500000000006,0.0,224,138,12.804347826086957,0.0
932,933.0,257.2900000000001,0.0,2.5400000000000005,0.0,0.0,3.0,0.0,True,254.75000000000006,0.0,224,138,12.804347826086957,0.0
933,934.0,243.03625000000005,0.0,2.5362500000000003,0.0,0.0,3.0,0.0,True,240.50000000000006,0.0,224,139,12.776978417266188,0.0
934,935.0,242.54000000000005,0.0,2.5400000000000005,0.0,0.0,3.0,0.0,True,240.00000000000006,0.0,224,139,12.776978417266188,0.0
935,936.0,253.55000000000004,0.0,2.5500000000000007,0.0,0.0,3.0,0.0,True,251.00000000000006,0.0,224,140,12.707142857142857,0.0
936,937.0,257.42625000000004,0.0,2.5512500000000005,0.0,0.0,3.0,0.0,True,254.87500000000006,0.0,224,141,12.631205673758865,0.0
937,938.0,257.93250000000006,0.0,2.5575000000000006,0.0,0.0,3.0,0.0,True,255.37500000000006,0.0,224,141,12.631205673758865,0.0
938,939.0,257.68875,0.0,2.5637500000000006,0.0,0.0,3.0,0.0,True,255.12500000000006,0.0,224,141,12.631205673758865,0.0
939,940.0,257.69500000000005,0.0,2.5700000000000003,0.0,0.0,3.0,0.0,True,255.12500000000006,0.0,224,141,12.631205673758865,0.0
940,941.0,266.96125000000006,0.0,2.5862500000000006,0.0,0.0,3.0,0.0,True,264.37500000000006,0.0,224,142,12.690140845070422,0.0
941,942.0,266.96750000000003,0.0,2.5925000000000007,0.0,0.0,3.0,0.0,True,264.37500000000006,0.0,224,142,12.690140845070422,0.0
942,943.0,265.71875000000006,0.0,2.5937500000000004,0.0,0.0,3.0,0.0,True,263.12500000000006,0.0,224,142,12.690140845070422,0.0
943,944.0,264.3475,0.0,2.5975000000000006,0.0,0.0,3.0,0.0,True,261.75000000000006,0.0,224,142,12.690140845070422,0.0
944,945.0,264.60375000000005,0.0,2.6037500000000007,0.0,0.0,3.0,0.0,True,262.00000000000006,0.0,224,142,12.690140845070422,0.0
945,946.0,265.98500000000007,0.0,2.6100000000000003,0.0,0.0,3.0,0.0,True,263.37500000000006,0.0,224,142,12.690140845070422,0.0
946,947.0,266.24125000000004,0.0,2.6162500000000004,0.0,0.0,3.0,0.0,True,263.62500000000006,0.0,224,142,12.690140845070422,0.0
947,948.0,258.22125000000005,0.0,2.5962500000000004,0.0,0.0,3.0,0.0,True,255.62500000000006,0.0,224,143,12.685314685314685,0.0
948,949.0,256.3475,0.0,2.5975000000000006,0.0,0.0,3.0,0.0,True,253.75000000000006,0.0,224,144,12.61111111111111,0.0
949,950.0,258.32875000000007,0.0,2.5787500000000003,0.0,0.0,3.0,0.0,True,255.75000000000006,0.0,224,145,13.972413793103449,0.0
950,951.0,257.94750000000005,0.0,2.5725000000000007,0.0,0.0,3.0,0.0,True,255.37500000000006,0.0,224,146,13.904109589041095,0.0
951,952.0,256.5762500000001,0.0,2.5762500000000004,0.0,0.0,3.0,0.0,True,254.00000000000006,0.0,224,146,13.904109589041095,0.0
952,953.0,263.95000000000005,0.0,2.5750000000000006,0.0,0.0,3.0,0.0,True,261.37500000000006,0.0,224,147,13.82312925170068,0.0
953,954.0,274.59375000000006,0.0,2.5937500000000004,0.0,0.0,3.0,0.0,True,272.00000000000006,0.0,224,148,13.95945945945946,0.0
954,955.0,273.345,0.0,2.5950000000000006,0.0,0.0,3.0,0.0,True,270.75000000000006,0.0,224,148,13.95945945945946,0.0
955,956.0,271.84625000000005,0.0,2.5962500000000004,0.0,0.0,3.0,0.0,True,269.25000000000006,0.0,224,149,13.906040268456376,0.0
956,957.0,272.1025000000001,0.0,2.6025000000000005,0.0,0.0,3.0,0.0,True,269.50000000000006,0.0,224,149,13.906040268456376,0.0
957,958.0,269.83375000000007,0.0,2.5837500000000007,0.0,0.0,3.0,0.0,True,267.25000000000006,0.0,224,150,14.666666666666666,0.0
958,959.0,252.76625000000004,0.0,2.5162500000000003,0.0,0.0,3.0,0.0,True,250.25000000000006,0.0,224,151,14.728476821192054,0.0
959,960.0,253.02000000000004,0.0,2.5200000000000005,0.0,0.0,3.0,0.0,True,250.50000000000006,0.0,224,151,14.728476821192054,0.0
960,961.0,252.39875000000004,0.0,2.5237500000000006,0.0,0.0,3.0,0.0,True,249.87500000000006,0.0,224,151,14.728476821192054,0.0
961,962.0,252.65500000000006,0.0,2.5300000000000007,0.0,0.0,3.0,0.0,True,250.12500000000006,0.0,224,151,14.728476821192054,0.0
962,963.0,256.16375000000005,0.0,2.5387500000000003,0.0,0.0,3.0,0.0,True,253.62500000000006,0.0,224,152,14.69078947368421,0.0
963,964.0,254.66500000000005,0.0,2.5400000000000005,0.0,0.0,3.0,0.0,True,252.12500000000006,0.0,224,152,14.69078947368421,0.0
964,965.0,254.67125000000004,0.0,2.5462500000000006,0.0,0.0,3.0,0.0,True,252.12500000000006,0.0,224,152,14.69078947368421,0.0
965,966.0,253.42250000000004,0.0,2.5475000000000003,0.0,0.0,3.0,0.0,True,250.87500000000006,0.0,224,152,14.69078947368421,0.0
966,967.0,253.92875000000004,0.0,2.5537500000000004,0.0,0.0,3.0,0.0,True,251.37500000000006,0.0,224,152,14.69078947368421,0.0
967,968.0,254.68500000000006,0.0,2.5600000000000005,0.0,0.0,3.0,0.0,True,252.12500000000006,0.0,224,152,14.69078947368421,0.0
968,969.0,268.1312500000001,0.0,2.5062500000000005,0.0,0.0,3.0,0.0,True,265.62500000000006,0.0,261,153,16.30065359477124,0.0
969,970.0,268.88750000000005,0.0,2.5125000000000006,0.0,0.0,3.0,0.0,True,266.37500000000006,0.0,261,153,16.30065359477124,0.0
970,971.0,267.64125000000007,0.0,2.5162500000000003,0.0,0.0,3.0,0.0,True,265.12500000000006,0.0,261,153,16.30065359477124,0.0
971,972.0,271.14750000000004,0.0,2.5225000000000004,0.0,0.0,3.0,0.0,True,268.62500000000006,0.0,261,153,16.30065359477124,0.0
972,973.0,267.88250000000005,0.0,2.5075000000000003,0.0,0.0,3.0,0.0,True,265.37500000000006,0.0,261,154,16.733766233766232,0.0
973,974.0,278.64625000000007,0.0,2.5212500000000007,0.0,0.0,3.0,0.0,True,276.12500000000006,0.0,261,155,16.73548387096774,0.0
974,975.0,280.52750000000003,0.0,2.5275000000000003,0.0,0.0,3.0,0.0,True,278.00000000000006,0.0,261,155,16.73548387096774,0.0
975,976.0,281.28375000000005,0.0,2.5337500000000004,0.0,0.0,3.0,0.0,True,278.75000000000006,0.0,261,155,16.73548387096774,0.0
976,977.0,281.6650000000001,0.0,2.5400000000000005,0.0,0.0,3.0,0.0,True,279.12500000000006,0.0,261,155,16.73548387096774,0.0
977,978.0,280.41875000000005,0.0,2.5437500000000006,0.0,0.0,3.0,0.0,True,277.87500000000006,0.0,261,155,16.73548387096774,0.0
978,979.0,277.2950000000001,0.0,2.5450000000000004,0.0,0.0,3.0,0.0,True,274.75000000000006,0.0,261,155,16.73548387096774,0.0
979,980.0,276.54875000000004,0.0,2.5487500000000005,0.0,0.0,3.0,0.0,True,274.00000000000006,0.0,261,155,16.73548387096774,0.0
980,981.0,274.80000000000007,0.0,2.5500000000000007,0.0,0.0,3.0,0.0,True,272.25000000000006,0.0,261,155,16.73548387096774,0.0
981,982.0,273.80750000000006,0.0,2.5575000000000006,0.0,0.0,3.0,0.0,True,271.25000000000006,0.0,261,156,16.71794871794872,0.0
982,983.0,271.80875000000003,0.0,2.5587500000000003,0.0,0.0,3.0,0.0,True,269.25000000000006,0.0,261,156,16.71794871794872,0.0
983,984.0,267.42125000000004,0.0,2.5462500000000006,0.0,0.0,3.0,0.0,True,264.87500000000006,0.0,261,157,16.62420382165605,0.0
984,985.0,266.42500000000007,0.0,2.5500000000000007,0.0,0.0,3.0,0.0,True,263.87500000000006,0.0,261,157,16.62420382165605,0.0
985,986.0,265.27125000000007,0.0,2.5212500000000007,0.0,0.0,3.0,0.0,True,262.75000000000006,0.0,261,158,17.474683544303797,0.0
986,987.0,264.90250000000003,0.0,2.5275000000000003,0.0,0.0,3.0,0.0,True,262.37500000000006,0.0,261,158,17.474683544303797,0.0
987,988.0,264.90875000000005,0.0,2.5337500000000004,0.0,0.0,3.0,0.0,True,262.37500000000006,0.0,261,158,17.474683544303797,0.0
988,989.0,265.9150000000001,0.0,2.5400000000000005,0.0,0.0,3.0,0.0,True,263.37500000000006,0.0,261,158,17.474683544303797,0.0
989,990.0,265.29625000000004,0.0,2.5462500000000006,0.0,0.0,3.0,0.0,True,262.75000000000006,0.0,261,158,17.474683544303797,0.0
990,991.0,274.55125000000004,0.0,2.5512500000000005,0.0,0.0,3.0,0.0,True,272.00000000000006,0.0,261,159,17.371069182389938,0.0
991,992.0,273.93250000000006,0.0,2.5575000000000006,0.0,0.0,3.0,0.0,True,271.37500000000006,0.0,261,159,17.371069182389938,0.0
992,993.0,273.93875,0.0,2.5637500000000006,0.0,0.0,3.0,0.0,True,271.37500000000006,0.0,261,159,17.371069182389938,0.0
993,994.0,274.44500000000005,0.0,2.5700000000000003,0.0,0.0,3.0,0.0,True,271.87500000000006,0.0,261,159,17.371069182389938,0.0
994,995.0,273.5712500000001,0.0,2.5712500000000005,0.0,0.0,3.0,0.0,True,271.00000000000006,0.0,261,159,17.371069182389938,0.0
995,996.0,274.07750000000004,0.0,2.5775000000000006,0.0,0.0,3.0,0.0,True,271.50000000000006,0.0,261,159,17.371069182389938,0.0
996,997.0,271.95375000000007,0.0,2.5787500000000003,0.0,0.0,3.0,0.0,True,269.37500000000006,0.0,261,160,17.325,0.0
997,998.0,272.33250000000004,0.0,2.5825000000000005,0.0,0.0,3.0,0.0,True,269.75000000000006,0.0,261,160,17.325,0.0
998,999.0,273.71375000000006,0.0,2.5887500000000006,0.0,0.0,3.0,0.0,True,271.12500000000006,0.0,261,160,17.325,0.0
999,1000.0,274.34000000000003,0.0,2.5900000000000003,0.0,0.0,3.0,0.0,True,271.75000000000006,0.0,261,161,17.22360248447205,0.0
